2 0.205537 0.63495 0.0602844 0.0528843
2 0.460844 0.498946 0.0405542 0.0432842
2 0.423587 0.783957 0.0674983 0.0807404
2 0.560905 0.432694 0.0258203 0.0288105
2 0.462026 0.433563 0.0324919 0.0321427
2 0.680613 0.348961 0.0205185 0.0241023
2 0.410399 0.488861 0.0382643 0.0382458
2 0.593608 0.391966 0.0249672 0.0243836
2 0.780869 0.35729 0.0208582 0.0262092
2 0.737061 0.384034 0.0226784 0.0334636
2 0.688047 0.452287 0.0232126 0.0345005
2 0.465769 0.425813 0.029136 0.0273704
2 0.732943 0.306142 0.0153152 0.0205615
