2 0.0362698 0.604206 0.068767 0.0607023
2 0.105238 0.515113 0.0467467 0.0515505
2 0.226532 0.444914 0.0392954 0.0384655
2 0.269055 0.662899 0.061559 0.0628695
2 0.93375 0.350643 0.0573988 0.0400088
2 0.0958262 0.523296 0.028056 0.036311
2 0.0277711 0.529423 0.0555103 0.0581042
2 0.911452 0.340376 0.0243555 0.0286671
2 0.140123 0.715253 0.0766707 0.0716187
2 0.926027 0.346983 0.0454731 0.0353906
2 0.0155089 0.53156 0.0309645 0.0552281
2 0.0399418 0.525159 0.0331863 0.0507314
2 0.0134987 0.543009 0.0266216 0.0320398
2 0.629889 0.289297 0.0164678 0.0407966
