2 0.468655 0.668047 0.0516868 0.0592938
2 0.45733 0.496474 0.0416701 0.0482083
2 0.538544 0.557723 0.0367113 0.0415255
2 0.805714 0.360326 0.0212798 0.0320373
2 0.672117 0.336764 0.0387039 0.0252902
2 0.880508 0.268202 0.016314 0.0229488
2 0.43407 0.467099 0.0361589 0.039062
2 0.553514 0.435632 0.0266279 0.0300788
2 0.687943 0.422544 0.0236925 0.0297609
2 0.757925 0.295289 0.0285851 0.0247434
2 0.616995 0.348093 0.02386 0.0255996
2 0.0411397 0.690492 0.0693777 0.073236
2 0.81889 0.323244 0.0155848 0.021819
