2 0.0132683 0.750167 0.0262534 0.0652322
2 0.560001 0.572722 0.0408565 0.0498514
2 0.636053 0.547397 0.0353214 0.0454412
2 0.628479 0.385859 0.0258071 0.0250559
2 0.738148 0.374888 0.0212194 0.0299729
2 0.767124 0.285434 0.020764 0.0215225
2 0.615398 0.364954 0.0239105 0.0255196
2 0.622367 0.372872 0.0381633 0.0327547
2 0.625385 0.378654 0.0324933 0.0349075
2 0.768796 0.374728 0.0188762 0.0272717
2 0.625197 0.384244 0.0310997 0.030604
2 0.782463 0.286496 0.0202909 0.0205009
2 0.835799 0.329621 0.0143018 0.0223667
2 0.566319 0.377294 0.0262249 0.0246977
