2 0.508466 0.442174 0.032481 0.0496311
2 0.927011 0.351079 0.0438106 0.0350104
2 0.933974 0.351521 0.0595821 0.0401952
2 0.241857 0.4118 0.0372677 0.0288173
2 0.613185 0.308425 0.0284237 0.0340348
2 0.609133 0.306132 0.028812 0.0314473
2 0.570775 0.307488 0.0198558 0.0198888
2 0.627757 0.301883 0.0209383 0.0222369
2 0.911863 0.341516 0.0206887 0.0253015
2 0.433508 0.338482 0.029601 0.0258739
2 0.615168 0.315048 0.0212049 0.0284481
2 0.126438 0.820094 0.106919 0.091456
2 0.65442 0.257448 0.0168795 0.0310942
2 0.943394 0.355385 0.0547085 0.0449093
2 0.958128 0.361057 0.0259464 0.035309
