2 0.0474726 0.808568 0.089545 0.0786237
2 0.926979 0.351073 0.0437279 0.0350149
2 0.93396 0.35154 0.0594997 0.0401682
2 0.268387 0.446983 0.0294655 0.0286786
2 0.275204 0.445271 0.0416705 0.0333364
2 0.616671 0.264486 0.0255865 0.0268428
2 0.385365 0.536452 0.0450257 0.0471555
2 0.613268 0.265165 0.0207833 0.0243761
2 0.91186 0.341439 0.0206798 0.0252395
2 0.638068 0.267573 0.0237272 0.0291595
2 0.421543 0.491538 0.055585 0.072518
2 0.943532 0.355391 0.0545136 0.0448895
2 0.561965 0.233954 0.0216242 0.0232722
2 0.675767 0.236752 0.0155716 0.0295054
2 0.428967 0.34117 0.0282263 0.029603
2 0.637345 0.267912 0.0201106 0.024059
2 0.958119 0.36103 0.0260029 0.0353285
2 0.35186 0.593431 0.0632775 0.100747
2 0.64043 0.271567 0.0219408 0.0243703
