2 0.177842 0.684703 0.0670044 0.0634556
2 0.927048 0.351053 0.0438852 0.0350636
2 0.933975 0.351477 0.059568 0.0402583
2 0.202837 0.490713 0.0442676 0.043287
2 0.431821 0.484099 0.0392577 0.032451
2 0.911879 0.341447 0.0207167 0.0253618
2 0.392082 0.364935 0.0274846 0.0306156
2 0.409134 0.511365 0.0367741 0.035748
2 0.402914 0.521483 0.0359438 0.0413034
2 0.943245 0.355338 0.0550564 0.0449939
2 0.194444 0.495081 0.0270887 0.0342618
2 0.594039 0.338784 0.0213382 0.0228174
2 0.958139 0.361059 0.0259555 0.0352667
