2 0.63072 0.383304 0.0255564 0.0316584
2 0.313196 0.811983 0.0866281 0.0935935
2 0.666795 0.436024 0.0279297 0.0346784
2 0.532027 0.662284 0.0532041 0.0594079
2 0.356505 0.536402 0.0465242 0.0508965
2 0.669189 0.512719 0.0308935 0.0406068
2 0.587537 0.549394 0.0393955 0.0462201
2 0.573597 0.517911 0.047447 0.0480475
2 0.763248 0.369532 0.0347988 0.0282549
2 0.73609 0.439303 0.0286639 0.0474843
2 0.670682 0.343536 0.0211523 0.0267205
2 0.769311 0.371022 0.0216661 0.0261655
2 0.53212 0.421819 0.0318609 0.0447042
2 0.851593 0.313553 0.0147762 0.0205506
2 0.734533 0.419341 0.0281089 0.0512618
