2 0.523357 0.542817 0.0491884 0.065931
2 0.549311 0.50447 0.0609968 0.078919
2 0.409963 0.383664 0.0317507 0.0390606
2 0.638069 0.414724 0.0454346 0.0433809
2 0.300038 0.283272 0.0191517 0.0246178
2 0.220925 0.249959 0.0228652 0.0332692
2 0.375026 0.256255 0.0210635 0.020066
2 0.217627 0.240072 0.0311772 0.0513923
2 0.311933 0.223848 0.0334364 0.041478
2 0.243142 0.246349 0.0196115 0.0253993
2 0.241699 0.23796 0.0306232 0.0469085
2 0.116684 0.414321 0.0201305 0.0301337
2 0.252052 0.24546 0.0197806 0.0219071
