2 0.313511 0.544511 0.0872384 0.069543 2
2 0.650067 0.502601 0.0693326 0.0574045 4
2 0.521067 0.485559 0.0538035 0.0546567 6
2 0.28197 0.52566 0.0551899 0.0499111 8
0 0.464017 0.530224 0.01559 0.060899 9
0 0.479024 0.514154 0.0131251 0.0558755 10
2 0.41708 0.437296 0.0277023 0.0254424 11
2 0.398904 0.402283 0.019031 0.0161212 13
1 0.479711 0.52981 0.0118307 0.0358635 14
1 0.467386 0.547655 0.0164202 0.036866 15
2 0.36512 0.433318 0.0181297 0.0226498 19
2 0.380627 0.396716 0.0155701 0.0139497 20
2 0.456987 0.410527 0.0200747 0.0176172 24
2 0.858958 0.498621 0.0771275 0.0515211 7
