2 0.313726 0.543216 0.0898062 0.0711279 2
2 0.493788 0.456345 0.042126 0.0366486 4
2 0.424539 0.451367 0.033765 0.0349608 6
2 0.281215 0.525084 0.0560107 0.0513168 8
0 0.463831 0.531238 0.0155293 0.0639092 9
0 0.478842 0.51352 0.0132233 0.056375 10
2 0.376833 0.423816 0.0204947 0.0189669 11
2 0.435888 0.406661 0.0223266 0.0185076 13
1 0.479847 0.529428 0.0115618 0.0357132 14
1 0.469765 0.549787 0.0138476 0.0315954 15
2 0.341186 0.420443 0.0201622 0.0267103 19
2 0.401446 0.399045 0.0182961 0.0159989 20
2 0.974692 0.514336 0.0683519 0.0479181 5
