2 0.321012 0.536839 0.0672502 0.0523745 2
2 0.799983 0.543249 0.0957639 0.0746336 4
2 0.285913 0.515011 0.0359892 0.0286049 8
0 0.465841 0.52846 0.0153081 0.0585396 9
0 0.480138 0.513634 0.0135909 0.0570625 10
2 0.450053 0.445728 0.0329325 0.029645 11
2 0.385541 0.401039 0.016704 0.0144427 13
1 0.481442 0.530167 0.0114228 0.0353095 14
1 0.469305 0.548396 0.0151157 0.0339784 15
2 0.381933 0.438317 0.0210231 0.0249318 19
2 0.374516 0.395029 0.0144766 0.01333 20
2 0.439235 0.407579 0.0190759 0.0165289 24
2 0.804979 0.486122 0.073855 0.0484554 7
2 0.621865 0.52186 0.0842161 0.0747634 3
