0 0.468245 0.530598 0.0150965 0.062357 9
0 0.480844 0.513542 0.0134823 0.0553397 10
2 0.536235 0.471501 0.0480571 0.0414103 11
2 0.365794 0.396372 0.0184966 0.0166804 13
1 0.482284 0.530033 0.0111444 0.0348291 14
1 0.470093 0.547017 0.0159346 0.0364037 15
2 0.418506 0.450303 0.0295421 0.0323162 19
2 0.411272 0.404615 0.0172741 0.0145215 24
2 0.743785 0.475036 0.070225 0.0461501 7
2 0.409927 0.432787 0.0241557 0.0200207 48
2 0.291859 0.51668 0.04947 0.0334409 8
2 0.936644 0.618461 0.14194 0.112657 4
