2 0.289678 0.515059 0.0684297 0.0300496 8
2 0.664446 0.508747 0.0526139 0.0481503 69
2 0.493318 0.477847 0.0502309 0.0460932 85
2 0.388792 0.439335 0.0265583 0.0308977 107
2 0.291001 0.433356 0.0167184 0.0192153 110
2 0.467024 0.444635 0.0405302 0.0364761 116
2 0.340355 0.422843 0.0167719 0.0211678 121
2 0.286192 0.420127 0.0105145 0.0168737 128
2 0.6599 0.459625 0.0564336 0.0409198 7
2 0.796586 0.480793 0.0810839 0.0508323 78
2 0.969404 0.517477 0.0494633 0.0550021 136
2 0.378606 0.421835 0.0208296 0.0207371 138
