2 0.293366 0.51405 0.0701426 0.0305161 8
2 0.603718 0.518707 0.0760757 0.0663172 85
2 0.426158 0.450059 0.0340636 0.0383805 107
2 0.279971 0.441878 0.0194832 0.0217237 110
2 0.538351 0.463692 0.0548794 0.0489231 116
2 0.356263 0.427044 0.0197586 0.0238685 121
2 0.290247 0.422718 0.011524 0.0181187 128
2 0.656673 0.457981 0.0575386 0.0415097 7
2 0.79738 0.479886 0.08364 0.0519064 78
2 0.957541 0.517003 0.0601423 0.0617395 136
2 0.404483 0.428337 0.0266517 0.0268084 138
2 0.918246 0.584498 0.100509 0.0899192 147
