2 0.292573 0.514958 0.0687733 0.0297659 8
2 0.643396 0.53481 0.0867596 0.074241 85
2 0.437703 0.455264 0.0364402 0.04057 107
2 0.273934 0.445642 0.0206059 0.0225039 110
2 0.560969 0.471602 0.0598243 0.052971 116
2 0.36088 0.429811 0.0211847 0.02541 121
2 0.291467 0.42442 0.0125612 0.0191304 128
2 0.655749 0.459457 0.0578722 0.0417788 7
2 0.796259 0.481541 0.0830082 0.051413 78
2 0.955208 0.518248 0.0622971 0.0620044 136
2 0.411408 0.4317 0.0274914 0.0276884 138
2 0.953134 0.590376 0.0806638 0.0721049 147
