2 0.294029 0.514391 0.0710186 0.0303374 8
2 0.482427 0.469699 0.0494607 0.0524453 121
2 0.26953 0.444412 0.0224782 0.0309094 128
2 0.657315 0.458303 0.0578731 0.0415979 7
2 0.79767 0.480096 0.0848925 0.0518086 78
2 0.955743 0.516374 0.0785593 0.06095 136
2 0.613966 0.486384 0.0642202 0.0613345 138
2 0.426912 0.43589 0.0274985 0.0287468 158
2 0.0885436 0.524702 0.0518172 0.0424469 162
2 0.330821 0.407689 0.0111686 0.0134965 163
2 0.362417 0.420068 0.0164992 0.0156358 166
2 0.34676 0.412212 0.0154734 0.0208445 168
2 0.278795 0.413128 0.0116432 0.020399 169
0 0.488684 0.595389 0.0150214 0.0283956 88
2 0.926313 0.611131 0.19217 0.126232 161
