2 0.294118 0.514447 0.0704961 0.0303102 8
2 0.449408 0.457964 0.0411334 0.0442961 121
2 0.28071 0.439062 0.0195114 0.0285211 128
2 0.657196 0.458115 0.0587091 0.0422121 7
2 0.798531 0.480424 0.0844345 0.0514278 78
2 0.955768 0.516313 0.0780317 0.0622164 136
2 0.556349 0.470003 0.0531117 0.0517635 138
2 0.411242 0.431638 0.0240314 0.0251716 158
2 0.140472 0.502084 0.0455237 0.0380625 162
2 0.328094 0.406274 0.0106054 0.0129307 163
2 0.35741 0.417737 0.0166915 0.0158376 166
2 0.772443 0.565279 0.122667 0.103596 85
