2 0.288075 0.5147 0.0697128 0.0308587 8
2 0.154288 0.493361 0.043099 0.0412303 128
2 0.657484 0.457779 0.0589999 0.0417556 7
2 0.798351 0.479491 0.0837824 0.0508713 78
2 0.956138 0.515268 0.0844872 0.0619191 136
2 0.566853 0.475718 0.0500284 0.0492886 158
2 0.353206 0.414958 0.0145613 0.0174529 163
2 0.407933 0.433248 0.0250491 0.0233073 166
2 0.368543 0.424924 0.0214717 0.0285185 168
2 0.286705 0.4244 0.0096282 0.0145744 169
0 0.489416 0.595449 0.0151116 0.0279747 88
2 0.328282 0.417662 0.0169009 0.0196079 187
2 0.925808 0.623337 0.191539 0.129966 161
