2 0.293617 0.514161 0.0709906 0.0303505 8
2 0.208659 0.472756 0.032181 0.0343725 128
2 0.657079 0.4582 0.0576939 0.040826 7
2 0.798419 0.479688 0.0846219 0.051506 78
2 0.956114 0.515476 0.0839363 0.0623435 136
2 0.502683 0.456772 0.0397189 0.0404995 158
2 0.344765 0.412123 0.0132282 0.0157032 163
2 0.389344 0.427378 0.0216465 0.0202981 166
2 0.358881 0.41913 0.0173068 0.0229472 168
2 0.283554 0.421613 0.00887458 0.0142603 169
0 0.488826 0.595481 0.0150661 0.0280622 88
2 0.320825 0.414528 0.015747 0.0183177 187
2 0.944777 0.575164 0.111078 0.092125 85
2 0.70268 0.545376 0.103471 0.0947802 138
