2 0.292788 0.515171 0.0688919 0.0299004 8
2 0.657435 0.458332 0.0578669 0.0411001 7
2 0.798126 0.479868 0.0850363 0.0518709 78
2 0.955957 0.515552 0.0869485 0.0607929 136
2 0.460402 0.444773 0.0321556 0.0344171 163
2 0.673531 0.526523 0.107747 0.0856335 166
2 0.262904 0.452014 0.0231095 0.0258526 169
0 0.488506 0.595919 0.0154229 0.0285161 88
2 0.403582 0.444977 0.0337881 0.0379367 187
2 0.292844 0.4288 0.0150608 0.0196225 212
2 0.363835 0.428424 0.0231702 0.0257118 254
2 0.405354 0.398408 0.0173753 0.0147854 256
