2 0.292974 0.515106 0.0691791 0.0299766 8
2 0.657006 0.458532 0.0582166 0.0413331 7
2 0.798038 0.47985 0.0848826 0.0518146 78
2 0.955777 0.51567 0.0875186 0.0611451 136
2 0.474647 0.448729 0.0347079 0.0366347 163
2 0.708109 0.541787 0.131976 0.105277 166
2 0.255878 0.455334 0.0243793 0.0261581 169
0 0.488704 0.59615 0.0153862 0.0284133 88
2 0.412988 0.448146 0.0357919 0.03991 187
2 0.291491 0.430515 0.0153237 0.0200318 212
2 0.369086 0.429377 0.0253938 0.0283011 254
2 0.399123 0.397749 0.0171839 0.0146717 256
