2 0.292927 0.5153 0.0695451 0.0300691 8
2 0.656847 0.458404 0.0587274 0.0415693 7
2 0.797662 0.479929 0.0847079 0.0517535 78
2 0.955576 0.515454 0.0873864 0.0607763 136
2 0.530906 0.46395 0.0452395 0.0464143 163
2 0.232793 0.465389 0.0308691 0.0305895 169
0 0.488117 0.596124 0.0149133 0.0278703 88
2 0.28789 0.434801 0.0164495 0.0216905 212
2 0.387451 0.438396 0.0265704 0.0296487 254
2 0.384066 0.395596 0.014932 0.0127942 256
2 0.942996 0.605221 0.138958 0.129713 158
2 0.447881 0.459661 0.0399327 0.0480839 168
