2 0.292023 0.515692 0.0698645 0.0295701 8
2 0.655475 0.458935 0.0594615 0.0419297 7
2 0.796249 0.480834 0.0838871 0.0509952 78
2 0.954713 0.516112 0.0890732 0.060313 136
2 0.0536309 0.542319 0.0623823 0.0467707 169
0 0.487578 0.596586 0.0147264 0.0275594 88
2 0.223135 0.465981 0.032537 0.0339243 212
2 0.504444 0.456956 0.0351391 0.0355039 254
2 0.385283 0.441321 0.0262946 0.0262461 266
2 0.284853 0.436007 0.0183578 0.0249765 277
2 0.327247 0.417961 0.0161377 0.018656 281
2 0.349537 0.427837 0.0194376 0.0189674 284
2 0.528126 0.48777 0.0542939 0.0569821 187
2 0.404343 0.433582 0.0260848 0.0232778 289
2 0.808987 0.583045 0.17511 0.124881 260
