2 0.291526 0.515867 0.0703071 0.0300205 8
2 0.655135 0.459157 0.0595812 0.0419652 7
2 0.795801 0.481001 0.0846476 0.0515638 78
2 0.954562 0.516147 0.0893817 0.0607612 136
2 0.11578 0.514397 0.0532255 0.0421007 169
0 0.4874 0.59683 0.0149107 0.0278654 88
2 0.249905 0.454713 0.0266552 0.0298986 212
2 0.461623 0.452441 0.0331203 0.0351854 254
2 0.638311 0.528475 0.0908245 0.0932624 168
2 0.365516 0.434157 0.0229 0.0228884 266
2 0.289392 0.43033 0.0179587 0.024537 277
2 0.318926 0.414243 0.0152207 0.0178055 281
2 0.337287 0.423415 0.0173969 0.0168241 284
2 0.927509 0.575191 0.122822 0.0979453 166
2 0.474337 0.469622 0.0425678 0.0466984 187
