2 0.292358 0.515646 0.0689908 0.0291055 8
2 0.655988 0.459334 0.0598717 0.0424247 7
2 0.79693 0.481378 0.0841587 0.0511681 78
2 0.954954 0.51663 0.08982 0.060893 136
0 0.488242 0.597033 0.0151149 0.0284164 88
2 0.578005 0.477534 0.0489218 0.046604 254
2 0.410204 0.450462 0.0307093 0.0302223 266
2 0.273526 0.44367 0.0203281 0.0262995 277
2 0.336547 0.420244 0.0192161 0.0218926 281
2 0.365385 0.43372 0.021683 0.0212487 284
2 0.617383 0.519261 0.0732538 0.0729987 187
2 0.436436 0.442707 0.0308719 0.0274875 289
2 0.186056 0.480628 0.0385712 0.0378048 212
