2 0.292167 0.516025 0.0705262 0.0297671 8
2 0.656296 0.459162 0.0590219 0.0419293 7
2 0.796682 0.481214 0.0839703 0.0510036 78
2 0.954821 0.516564 0.0896159 0.0607015 136
0 0.488644 0.596951 0.0152279 0.0284774 88
2 0.60576 0.487598 0.0546885 0.0520383 254
2 0.420125 0.453951 0.0325727 0.0317211 266
2 0.267863 0.446364 0.0214825 0.0270935 277
2 0.340051 0.422281 0.0188162 0.02115 281
2 0.370879 0.435905 0.0229435 0.0225099 284
2 0.657317 0.532826 0.0820681 0.0799898 187
2 0.449336 0.445864 0.0336661 0.0299442 289
2 0.289872 0.432356 0.0126561 0.0172913 294
2 0.169018 0.485965 0.041166 0.0392389 212
