2 0.292677 0.514683 0.0714766 0.0301578 8
2 0.656326 0.458005 0.0589034 0.042088 7
2 0.797361 0.479631 0.0848864 0.0516867 78
2 0.955404 0.514942 0.089228 0.060533 136
0 0.487752 0.595275 0.0151974 0.028527 88
2 0.492993 0.478845 0.0487125 0.0450468 266
2 0.231245 0.462533 0.029234 0.0324941 277
2 0.362225 0.428207 0.0250001 0.0269485 281
2 0.408859 0.44759 0.0301442 0.0296253 284
2 0.542065 0.471787 0.0492268 0.0426669 289
2 0.282313 0.438944 0.0158751 0.0208848 294
2 0.0719008 0.525052 0.0535537 0.0467628 212
2 0.401164 0.425589 0.0284023 0.0259635 300
2 0.321564 0.414018 0.0136935 0.0160955 303
2 0.960752 0.624713 0.121191 0.101643 290
2 0.899885 0.574389 0.129857 0.0925764 260
