2 0.29103 0.515408 0.0720475 0.0303183 8
2 0.654667 0.457992 0.0558768 0.0392202 7
2 0.795034 0.481295 0.0844399 0.0515589 78
2 0.954007 0.517113 0.0908546 0.0608852 136
0 0.487125 0.596749 0.0153389 0.0279213 88
2 0.152107 0.497317 0.0413571 0.0359532 294
2 0.690216 0.505556 0.0882592 0.0778574 300
2 0.382315 0.436899 0.0268851 0.0298774 303
2 0.288316 0.428625 0.013593 0.0166272 308
2 0.326481 0.41772 0.0162899 0.0153654 321
1 0.576945 0.612547 0.032091 0.0571148 324
0 0.575072 0.590905 0.0198907 0.0824326 325
2 0.805339 0.588355 0.115104 0.0918038 289
