2 0.291541 0.514816 0.0719935 0.0302371 8
2 0.655018 0.458482 0.0585299 0.0418009 7
2 0.795651 0.480348 0.0843733 0.0515428 78
2 0.954367 0.515653 0.0905179 0.060899 136
0 0.487736 0.595657 0.0151116 0.0277009 88
2 0.0264469 0.544026 0.0498545 0.0440056 277
2 0.620246 0.525104 0.0734649 0.0669408 284
2 0.202991 0.476744 0.0318347 0.0305321 294
2 0.57506 0.472594 0.0645916 0.0585159 300
2 0.36265 0.429023 0.0222411 0.0250857 303
2 0.285569 0.423042 0.0120364 0.0147901 308
2 0.319026 0.413734 0.0146659 0.0137837 321
