2 0.290682 0.514861 0.0708001 0.0297501 8
2 0.65445 0.458917 0.0594416 0.0419268 7
2 0.794749 0.481475 0.0834477 0.0502365 78
2 0.953882 0.514431 0.0854479 0.0563595 136
0 0.486444 0.595969 0.0154856 0.028329 88
2 0.0652566 0.533667 0.0461068 0.0368039 294
2 0.421437 0.449886 0.0355397 0.0383344 303
2 0.283732 0.436975 0.0173805 0.0210723 308
2 0.33933 0.422112 0.0182185 0.017229 321
3 0.545843 0.580811 0.0259069 0.0468418 324
0 0.543008 0.560889 0.016537 0.0686576 325
2 0.950361 0.572751 0.110289 0.0997676 254
