2 0.291096 0.515039 0.0706357 0.0296946 8
2 0.654461 0.458692 0.058869 0.041393 7
2 0.795092 0.479446 0.0778507 0.0468295 78
2 0.954069 0.516997 0.0911183 0.0609909 136
0 0.48714 0.59607 0.0156782 0.0283689 88
2 0.10991 0.514802 0.0489132 0.0402694 294
2 0.399805 0.442727 0.0307305 0.0336581 303
2 0.287634 0.432474 0.014747 0.0181021 308
2 0.33255 0.42017 0.0170414 0.0161409 321
1 0.560445 0.595421 0.028745 0.0516018 324
0 0.558693 0.574832 0.0183951 0.0764368 325
2 0.814819 0.541173 0.114225 0.0930697 266
2 0.942961 0.631862 0.119095 0.100624 290
