2 0.294503 0.525926 0.0717745 0.0502917 8
2 0.283537 0.477582 0.0541771 0.0384321 78
2 0.445545 0.451247 0.0502658 0.0351249 136
2 0.0079568 0.710176 0.0140933 0.0496771 434
2 0.391888 0.426652 0.0257542 0.0271019 433
2 0.710022 0.468711 0.0764125 0.0440193 435
0 0.7105 0.81895 0.065678 0.117716 437
2 0.319009 0.544768 0.0754578 0.0688573 438
1 0.721797 0.848065 0.0663966 0.0852509 440
0 0.434303 0.536656 0.0188668 0.062473 441
0 0.467456 0.532126 0.0128256 0.0612157 444
0 0.481632 0.511355 0.0117685 0.0495923 446
2 0.294564 0.725103 0.155445 0.125683 447
1 0.471024 0.546835 0.0174299 0.0400295 448
1 0.486029 0.529895 0.0156903 0.03526 449
1 0.518217 0.500657 0.0312571 0.0282431 455
0 0.51902 0.48492 0.0121984 0.0415207 458
