2 0.291732 0.524979 0.0763455 0.0514012 8
2 0.383941 0.456995 0.0506283 0.036087 78
2 0.542291 0.447013 0.0506126 0.034436 136
2 0.00758726 0.709126 0.0139879 0.051849 434
2 0.390634 0.425637 0.026392 0.0271146 433
2 0.836995 0.489486 0.0732663 0.0511488 435
1 0.705016 0.822407 0.0835849 0.123117 437
2 0.318912 0.54373 0.0685262 0.0689039 438
0 0.711151 0.824487 0.0852333 0.111258 440
0 0.433955 0.53577 0.0190395 0.0604795 441
0 0.466798 0.529391 0.0116415 0.0605057 444
0 0.481327 0.514748 0.0126131 0.0583687 446
2 0.0920838 0.794782 0.148444 0.134105 447
1 0.471313 0.546924 0.016489 0.038654 448
1 0.483128 0.528365 0.0153606 0.0359321 449
