2 0.286087 0.526481 0.0664629 0.0511423 8
2 0.156726 0.513876 0.0705777 0.0510461 78
2 0.341843 0.466461 0.0533169 0.0380445 136
2 0.00663386 0.713098 0.0134216 0.048537 434
2 0.390451 0.427182 0.024834 0.0269728 433
2 0.596201 0.449453 0.0624461 0.0387208 435
0 0.707211 0.80822 0.0599658 0.130325 437
2 0.317135 0.54571 0.0803521 0.0689976 438
1 0.711502 0.836882 0.064856 0.0843937 440
0 0.432756 0.537325 0.0175165 0.0622798 441
0 0.465975 0.533551 0.0139819 0.0629629 444
0 0.479926 0.512341 0.0133398 0.0504327 446
2 0.526795 0.662471 0.143227 0.109344 447
1 0.469991 0.548296 0.0169794 0.0385652 448
1 0.484452 0.529863 0.0170517 0.036537 449
1 0.549354 0.488985 0.0232288 0.0239497 455
0 0.550848 0.473466 0.011868 0.0422967 458
2 0.32113 0.415541 0.0112876 0.0146515 459
2 0.0396387 0.79736 0.053563 0.102193 460
