2 0.284527 0.526814 0.0619658 0.0505472 8
2 0.0629307 0.545778 0.0786756 0.0578947 136
2 0.00549785 0.713101 0.0115352 0.0464411 434
2 0.389138 0.427223 0.0238187 0.0266824 433
2 0.38527 0.453349 0.0536716 0.0356548 435
0 0.693319 0.79586 0.0431139 0.117063 437
2 0.315611 0.546723 0.0840809 0.0678665 438
1 0.698386 0.825419 0.0601091 0.0823714 440
0 0.431489 0.537845 0.0153522 0.0620095 441
0 0.464477 0.534081 0.0147218 0.0622139 444
0 0.477511 0.517964 0.0158672 0.0603178 446
1 0.469047 0.548943 0.0168545 0.037988 448
1 0.482356 0.529567 0.0171483 0.0374346 449
2 0.326498 0.422011 0.0141036 0.0168439 459
2 0.504391 0.659512 0.118453 0.126898 460
