2 0.286776 0.525853 0.0616189 0.0505674 8
2 0.0060515 0.711829 0.0117189 0.0465439 434
2 0.390338 0.426399 0.0245142 0.0277972 433
2 0.278655 0.474445 0.0577942 0.0395001 435
0 0.692964 0.796287 0.041638 0.115775 437
2 0.31686 0.545398 0.0849786 0.0684291 438
1 0.698277 0.825239 0.0605934 0.0818841 440
0 0.432697 0.536863 0.0151068 0.061611 441
0 0.465272 0.533339 0.0149188 0.0629533 444
0 0.480022 0.513085 0.0134238 0.0513186 446
1 0.469944 0.548832 0.0164361 0.0368636 448
1 0.483173 0.529042 0.0173216 0.0379635 449
2 0.330009 0.422773 0.0140295 0.0169559 459
2 0.757005 0.64332 0.124681 0.114212 460
2 0.254131 0.745891 0.210223 0.126396 464
