2 0.285972 0.526475 0.061193 0.0500426 8
2 0.0058168 0.712054 0.0115484 0.0460577 434
2 0.389877 0.427555 0.0243975 0.0275423 433
2 0.298052 0.470445 0.055741 0.0379036 435
0 0.692359 0.797062 0.0418423 0.115715 437
2 0.316492 0.546073 0.0850207 0.0685511 438
1 0.698153 0.826526 0.0604249 0.0818142 440
0 0.432491 0.538003 0.0153068 0.0622662 441
0 0.465053 0.53426 0.0149013 0.0628872 444
0 0.479193 0.515818 0.014167 0.0549513 446
1 0.469619 0.549148 0.0168571 0.0379877 448
1 0.482736 0.530091 0.0170626 0.037235 449
2 0.329324 0.423194 0.014204 0.01701 459
2 0.712748 0.645909 0.110162 0.104422 460
2 0.197243 0.763165 0.211367 0.126785 464
