2 0.286365 0.527313 0.0618011 0.0507647 8
2 0.00604148 0.713561 0.0116881 0.0456061 434
2 0.390493 0.427802 0.0242318 0.0276142 433
2 0.0848492 0.537039 0.0781686 0.0558781 435
0 0.692694 0.797207 0.0410416 0.11691 437
2 0.316839 0.547024 0.0851295 0.0680407 438
1 0.695423 0.82653 0.0621113 0.0793711 440
0 0.432777 0.538735 0.0146901 0.061205 441
0 0.465265 0.534443 0.0149238 0.0625691 444
0 0.47873 0.513701 0.0142665 0.0509257 446
1 0.469975 0.54932 0.0170795 0.0387642 448
1 0.483407 0.53061 0.0161199 0.036062 449
2 0.331164 0.425077 0.0124945 0.0165784 459
2 0.663762 0.674987 0.171339 0.108317 464
2 0.12037 0.795789 0.119385 0.131943 465
