2 0.286118 0.527667 0.0599949 0.0508792 8
2 0.00636221 0.713879 0.01213 0.046289 434
2 0.39039 0.428249 0.02429 0.0277393 433
0 0.687859 0.798663 0.0390455 0.114187 437
2 0.317802 0.547685 0.0850851 0.0672789 438
1 0.69538 0.827241 0.0633715 0.0780631 440
0 0.433218 0.540201 0.014363 0.0603911 441
0 0.466133 0.535287 0.0149432 0.0618847 444
0 0.479022 0.513502 0.0142253 0.0485287 446
1 0.470215 0.549716 0.0171935 0.0390145 448
1 0.484104 0.530845 0.016519 0.0366747 449
2 0.331655 0.425232 0.0130585 0.0181312 459
2 0.951041 0.710188 0.172824 0.112512 464
2 0.379663 0.7184 0.129065 0.125063 465
