2 0.286647 0.527585 0.0597044 0.0508123 8
2 0.00637684 0.713604 0.0122103 0.0464175 434
2 0.390831 0.428151 0.0241625 0.0275827 433
0 0.686029 0.79931 0.0391464 0.114288 437
2 0.317845 0.547593 0.0851459 0.0672487 438
1 0.696591 0.827306 0.0641824 0.0790768 440
0 0.433423 0.539914 0.0142358 0.0597936 441
0 0.466561 0.535094 0.0150779 0.0623257 444
0 0.47916 0.516895 0.0161982 0.0559581 446
1 0.470521 0.549733 0.017062 0.0385543 448
1 0.484379 0.530372 0.0168787 0.0374891 449
2 0.331755 0.425363 0.0124087 0.0173756 459
2 0.425567 0.706161 0.130011 0.123598 465
