2 0.287895 0.527654 0.0602389 0.0506725 8
2 0.00679603 0.71342 0.0127645 0.0479272 434
2 0.390928 0.428121 0.0239794 0.0273179 433
0 0.693161 0.798162 0.0394512 0.114632 437
2 0.31795 0.54684 0.0871074 0.0691188 438
1 0.696326 0.827654 0.0638955 0.0781623 440
0 0.433529 0.539617 0.0143702 0.0602597 441
0 0.466252 0.534569 0.014987 0.061763 444
0 0.47918 0.518418 0.0171305 0.060575 446
1 0.470564 0.549799 0.0169815 0.0380919 448
1 0.484328 0.529947 0.0172769 0.0382226 449
2 0.331771 0.425307 0.0118103 0.0167349 459
2 0.512834 0.683084 0.133306 0.12289 465
