2 0.286051 0.527079 0.0593194 0.0507842 8
2 0.00642686 0.712776 0.0126108 0.0466314 434
2 0.390377 0.427662 0.0238248 0.0271411 433
0 0.694281 0.797641 0.0396037 0.11546 437
2 0.316828 0.546502 0.0860321 0.0683126 438
1 0.69563 0.827202 0.0642921 0.0779065 440
0 0.433091 0.538996 0.0144616 0.060904 441
0 0.465329 0.534555 0.015288 0.0623981 444
0 0.478862 0.513363 0.0144584 0.0502447 446
1 0.469902 0.549432 0.0170278 0.0379288 448
1 0.483381 0.530056 0.0167729 0.0369446 449
2 0.331459 0.424477 0.0121672 0.0176216 459
2 0.732541 0.660696 0.123043 0.104388 465
2 0.228857 0.758977 0.173249 0.14145 467
