2 0.284503 0.527558 0.0584778 0.0505989 8
2 0.00566743 0.713527 0.012088 0.0457623 434
2 0.389309 0.428071 0.0240496 0.0273859 433
0 0.692819 0.797034 0.0394658 0.115036 437
2 0.316013 0.546938 0.0861371 0.0684152 438
1 0.694243 0.826409 0.0648226 0.077476 440
0 0.43183 0.538959 0.0141667 0.0598963 441
0 0.464438 0.534842 0.0153861 0.0633908 444
0 0.477278 0.517731 0.0163394 0.0586309 446
1 0.468921 0.549011 0.0171089 0.0383156 448
1 0.482603 0.529281 0.0166531 0.0366296 449
2 0.330119 0.424986 0.0118579 0.0173501 459
2 0.918325 0.683896 0.149696 0.1137 465
2 0.439263 0.706572 0.170356 0.137976 467
2 0.275616 0.410797 0.00800549 0.0116732 468
