2 0.286203 0.527118 0.0595528 0.0508882 8
2 0.00646064 0.713137 0.0125196 0.0463253 434
2 0.390557 0.427816 0.02399 0.0273066 433
0 0.694794 0.797983 0.0397123 0.11591 437
2 0.317101 0.546757 0.0855778 0.0678873 438
1 0.696044 0.826786 0.0648994 0.0789129 440
0 0.433385 0.539108 0.0144862 0.0609402 441
0 0.465536 0.534165 0.0151267 0.0617418 444
0 0.47893 0.514286 0.0145713 0.051477 446
1 0.470215 0.550077 0.0165729 0.0368332 448
1 0.48372 0.530137 0.0166361 0.0367045 449
2 0.331636 0.424721 0.0121043 0.0174877 459
2 0.696819 0.660588 0.11867 0.103855 465
2 0.1695 0.775382 0.170786 0.140324 467
