2 0.286604 0.527447 0.0594 0.050425 8
2 0.0069729 0.712299 0.0129166 0.0478277 434
2 0.390817 0.427999 0.0238282 0.0271058 433
0 0.695003 0.797998 0.0397046 0.115474 437
2 0.317661 0.546711 0.0856551 0.0679719 438
1 0.696693 0.827843 0.0646335 0.0787863 440
0 0.433995 0.539513 0.0146051 0.0612612 441
0 0.466078 0.533406 0.0148158 0.0605177 444
0 0.47946 0.518647 0.0170248 0.0611287 446
1 0.470399 0.54944 0.0170781 0.0380174 448
1 0.485137 0.529684 0.0169394 0.0375026 449
2 0.331845 0.425003 0.0116708 0.0167444 459
2 0.595641 0.667698 0.130913 0.117633 465
2 0.0851288 0.794918 0.139433 0.116031 467
