2 0.284559 0.527604 0.0585399 0.0505738 8
2 0.00581503 0.71312 0.0123175 0.0462814 434
2 0.389506 0.428208 0.0241323 0.0274868 433
0 0.692777 0.797137 0.0394004 0.114741 437
2 0.316065 0.547101 0.0859709 0.0683206 438
1 0.69418 0.826964 0.0641836 0.0768577 440
0 0.432135 0.539408 0.0141761 0.0597704 441
0 0.464633 0.535049 0.0153317 0.0630069 444
0 0.47767 0.519029 0.0170327 0.0609833 446
1 0.469131 0.549815 0.0167606 0.0373542 448
1 0.482655 0.530364 0.01687 0.0372086 449
2 0.330393 0.424737 0.0124437 0.0182592 459
2 0.875052 0.676561 0.14539 0.111411 465
2 0.392121 0.718324 0.172375 0.139442 467
2 0.275704 0.410285 0.00781097 0.0113903 468
