2 0.284485 0.52718 0.0580662 0.0506636 8
2 0.00574597 0.713193 0.0118827 0.0461824 434
2 0.389595 0.427748 0.0236899 0.0269527 433
0 0.687761 0.796942 0.0374201 0.113146 437
2 0.316232 0.546409 0.0866864 0.0687054 438
1 0.694246 0.82456 0.0652613 0.0774572 440
0 0.431918 0.538642 0.0141903 0.0599118 441
0 0.46453 0.533999 0.0152013 0.0629827 444
0 0.477281 0.51837 0.0163325 0.0609459 446
1 0.469049 0.547935 0.0174586 0.0395853 448
1 0.482512 0.52934 0.0172709 0.0382408 449
2 0.330091 0.424727 0.0113854 0.0167092 459
2 0.613335 0.673933 0.156581 0.129202 467
2 0.277581 0.413424 0.00872984 0.0126033 468
