2 0.289918 0.526915 0.0588783 0.0505428 8
2 0.00611435 0.712687 0.0117646 0.0469936 434
2 0.389829 0.427423 0.0237682 0.0271394 433
0 0.690468 0.796745 0.0369244 0.1153 437
2 0.316656 0.546188 0.0866603 0.0687107 438
1 0.694159 0.825686 0.0657653 0.0774392 440
0 0.432302 0.538364 0.0142881 0.0603765 441
0 0.465107 0.533358 0.0148268 0.061721 444
0 0.477929 0.517983 0.0159505 0.0614947 446
1 0.469633 0.54826 0.0171276 0.0389875 448
1 0.482871 0.529759 0.0166522 0.0370101 449
2 0.330592 0.424491 0.0113418 0.0167924 459
2 0.94352 0.692602 0.163571 0.130322 467
2 0.284997 0.418146 0.0104372 0.01385 468
2 0.0942724 0.79192 0.12973 0.124651 472
