2 0.284521 0.526474 0.0582818 0.0512547 8
2 0.00545705 0.713431 0.0113303 0.0450891 434
2 0.389301 0.427213 0.0236392 0.0269485 433
0 0.687492 0.796371 0.0356083 0.113916 437
2 0.315797 0.546152 0.0862996 0.0683849 438
1 0.694188 0.82519 0.0653509 0.0771757 440
0 0.43138 0.537819 0.0141537 0.0598862 441
0 0.464414 0.533252 0.015069 0.0625587 444
0 0.477342 0.517626 0.015777 0.0603235 446
1 0.468877 0.547492 0.0175012 0.0396794 448
1 0.482252 0.528524 0.016928 0.0375988 449
2 0.329799 0.424281 0.0113364 0.0167206 459
2 0.805049 0.672337 0.163116 0.129405 467
2 0.280606 0.415981 0.00913318 0.0126485 468
