2 0.28394 0.527192 0.0579636 0.0507248 8
2 0.00561346 0.713357 0.0117328 0.045871 434
2 0.389226 0.427793 0.023753 0.0270466 433
0 0.687675 0.796435 0.0368635 0.113243 437
2 0.315772 0.546659 0.0863349 0.068405 438
1 0.694237 0.824753 0.0654786 0.0776388 440
0 0.431687 0.53873 0.0142991 0.0603937 441
0 0.464217 0.534158 0.0151512 0.0627812 444
0 0.477224 0.518431 0.0161641 0.060725 446
1 0.469007 0.54894 0.0165984 0.0376014 448
1 0.482317 0.529179 0.016702 0.0369237 449
2 0.329678 0.424787 0.0114464 0.0168419 459
2 0.659538 0.668018 0.146948 0.119333 467
2 0.277702 0.413933 0.00888608 0.0127868 468
