2 0.287131 0.525727 0.0604487 0.0509089 8
2 0.00623629 0.712219 0.0121716 0.0481448 434
2 0.390497 0.426678 0.0235458 0.0270237 433
0 0.692698 0.79664 0.0368416 0.115463 437
2 0.316811 0.545456 0.0860054 0.0682239 438
1 0.694527 0.825116 0.0657822 0.0773528 440
0 0.432543 0.537599 0.0141886 0.0601413 441
0 0.465453 0.532991 0.0151453 0.0631586 444
0 0.478333 0.515001 0.0147686 0.0555993 446
1 0.469833 0.548219 0.0167619 0.0378501 448
1 0.482873 0.529106 0.0168519 0.0374129 449
2 0.330828 0.423186 0.0120036 0.0180575 459
2 0.287931 0.420203 0.0112276 0.0143241 468
2 0.208023 0.751206 0.144843 0.133463 472
