2 0.292701 0.526045 0.0627873 0.0512256 8
2 0.00599892 0.71233 0.0118045 0.0462869 434
2 0.390154 0.426723 0.0233638 0.0267905 433
0 0.689196 0.796538 0.036432 0.117182 437
2 0.316631 0.545287 0.0864369 0.0687591 438
1 0.694359 0.824883 0.0662482 0.0777038 440
0 0.432548 0.537439 0.0141504 0.0599248 441
0 0.4648 0.533189 0.0152145 0.0633596 444
0 0.478119 0.513554 0.0144359 0.0526747 446
1 0.469659 0.548302 0.0166069 0.0371005 448
1 0.483041 0.528745 0.0167109 0.0375288 449
2 0.330741 0.419995 0.013865 0.0220516 459
2 0.292985 0.424679 0.0147928 0.0182576 468
2 0.408295 0.684579 0.141036 0.124347 472
