2 0.293102 0.526185 0.0607426 0.0509691 8
2 0.00627204 0.712126 0.0118139 0.046852 434
2 0.390452 0.42699 0.023667 0.0270729 433
0 0.689039 0.796795 0.0365288 0.11564 437
2 0.316937 0.545658 0.0862399 0.0684167 438
1 0.694803 0.825444 0.066327 0.0781053 440
0 0.43273 0.537979 0.0142833 0.0605347 441
0 0.465942 0.533031 0.0148939 0.0619214 444
0 0.478436 0.515625 0.0147669 0.0562296 446
1 0.47015 0.548496 0.0166505 0.037578 448
1 0.483412 0.529439 0.0166813 0.037037 449
2 0.331067 0.423706 0.0117479 0.0174937 459
2 0.97739 0.70233 0.148941 0.126088 467
2 0.286893 0.418511 0.0108002 0.0140765 468
2 0.125906 0.779361 0.141941 0.134661 472
