2 0.288907 0.52592 0.0622525 0.0510108 8
2 0.0063103 0.712479 0.01215 0.0474193 434
2 0.390251 0.426544 0.0236265 0.0271284 433
0 0.688965 0.796558 0.0358833 0.117258 437
2 0.316668 0.545262 0.0862694 0.0686421 438
1 0.694608 0.824848 0.0662439 0.0777079 440
0 0.432606 0.537233 0.014027 0.0593408 441
0 0.464989 0.533353 0.0153118 0.0639456 444
0 0.478499 0.513895 0.0150239 0.0541641 446
1 0.469768 0.547876 0.0168353 0.0375797 448
1 0.483134 0.528401 0.017027 0.0382428 449
2 0.330863 0.419726 0.0134754 0.0217144 459
2 0.293887 0.425766 0.015538 0.0189688 468
2 0.442518 0.673445 0.13937 0.122449 472
