2 0.288556 0.525177 0.0621017 0.0507701 8
2 0.0070156 0.711037 0.0128241 0.0496548 434
2 0.391025 0.425913 0.0236874 0.0271573 433
0 0.689648 0.796928 0.0352844 0.115414 437
2 0.317615 0.544573 0.0862198 0.0686636 438
1 0.69566 0.825595 0.0665193 0.0776125 440
0 0.433964 0.537189 0.01455 0.0598747 441
0 0.465531 0.532538 0.0150843 0.0634536 444
0 0.478942 0.515752 0.0164054 0.0585268 446
1 0.470432 0.548604 0.0165286 0.036486 448
1 0.483885 0.528255 0.016933 0.0380796 449
2 0.332164 0.42084 0.0119438 0.0193297 459
2 0.285193 0.437884 0.018973 0.0232923 468
2 0.670293 0.633273 0.128342 0.108308 472
2 0.276407 0.738453 0.159591 0.143885 483
