2 0.288308 0.525991 0.0629155 0.050903 8
2 0.00626673 0.711947 0.0123475 0.047798 434
2 0.390405 0.42695 0.0236703 0.0271653 433
0 0.693328 0.79724 0.0358967 0.115054 437
2 0.316963 0.545596 0.0858219 0.0683279 438
1 0.694975 0.825748 0.065873 0.07687 440
0 0.432989 0.538457 0.0145497 0.0600903 441
0 0.464669 0.533824 0.0151447 0.0638805 444
0 0.478023 0.517978 0.0168865 0.0614798 446
1 0.469625 0.548686 0.0168905 0.0373136 448
1 0.483052 0.528993 0.0166868 0.038144 449
2 0.330899 0.423554 0.0110259 0.0176842 459
2 0.276618 0.443516 0.0206289 0.0246514 468
2 0.753814 0.637343 0.130153 0.106536 472
2 0.350264 0.716892 0.160164 0.141746 483
