2 0.285675 0.524236 0.061479 0.0504258 8
2 0.00665459 0.710022 0.0126748 0.0477622 434
2 0.390593 0.424795 0.0239948 0.0276446 433
0 0.692624 0.795685 0.0381117 0.113388 437
2 0.317377 0.543707 0.0860466 0.068709 438
1 0.693897 0.818024 0.0797389 0.0943878 440
0 0.433482 0.536211 0.0147833 0.0599757 441
0 0.465765 0.531544 0.0148978 0.0626871 444
0 0.479573 0.510625 0.0144008 0.0513935 446
1 0.470264 0.547205 0.0171242 0.0374837 448
1 0.481408 0.530883 0.0136863 0.0344115 449
2 0.331638 0.420382 0.0121232 0.0188948 459
2 0.206305 0.473705 0.0350603 0.0345766 468
2 0.614162 0.646821 0.143492 0.126306 483
2 0.295244 0.398983 0.0102051 0.0131937 497
2 0.0819005 0.822998 0.0890336 0.128305 498
