2 0.285473 0.524432 0.0612206 0.0506805 8
2 0.00702916 0.710947 0.0126268 0.0473207 434
2 0.39074 0.425029 0.0239019 0.0275615 433
0 0.69507 0.796393 0.0383574 0.11406 437
2 0.317382 0.543867 0.0861199 0.0687978 438
1 0.695425 0.822926 0.0717548 0.0847761 440
0 0.433274 0.536268 0.0147833 0.0600988 441
0 0.465782 0.531715 0.0150068 0.0632357 444
0 0.479491 0.509523 0.0138829 0.0491885 446
1 0.470289 0.547829 0.0168058 0.0366202 448
1 0.481703 0.531306 0.0135837 0.0342176 449
2 0.331617 0.42071 0.0120253 0.0187066 459
2 0.190972 0.479203 0.0378072 0.0363186 468
2 0.655496 0.639906 0.136673 0.117884 483
2 0.295472 0.400098 0.00961103 0.0123561 497
2 0.100921 0.814391 0.0975966 0.134441 498
