2 0.293613 0.525403 0.0642261 0.0507291 8
2 0.00692443 0.711656 0.012184 0.0463307 434
2 0.390616 0.426451 0.0236458 0.027148 433
0 0.696019 0.796842 0.0362773 0.115008 437
2 0.317598 0.544861 0.0863417 0.068859 438
1 0.695871 0.826359 0.0663239 0.0774668 440
0 0.433969 0.538037 0.0145899 0.0598224 441
0 0.465189 0.532795 0.0150956 0.0634657 444
0 0.480464 0.513237 0.014796 0.0534465 446
1 0.470215 0.548364 0.0169359 0.0371338 448
3 0.482061 0.53037 0.0150019 0.0365746 449
2 0.331713 0.422103 0.0112388 0.0175375 459
2 0.250537 0.456005 0.0272191 0.0298309 468
2 0.937993 0.656114 0.137966 0.106189 472
2 0.482234 0.678564 0.151781 0.131977 483
2 0.294441 0.398285 0.0106821 0.0137792 497
