2 0.290829 0.526379 0.0625721 0.050207 8
2 0.00598539 0.711657 0.0120559 0.0464334 434
2 0.390193 0.427108 0.023658 0.0271543 433
0 0.694411 0.797455 0.0361677 0.115157 437
2 0.317261 0.545426 0.0862637 0.0687772 438
1 0.694862 0.826051 0.0661782 0.0772334 440
0 0.432998 0.539016 0.0145187 0.0600832 441
0 0.464776 0.533959 0.0150256 0.0631293 444
0 0.479701 0.514885 0.0151815 0.0549459 446
1 0.469754 0.549244 0.0165634 0.036348 448
3 0.481646 0.530634 0.0156436 0.0375917 449
2 0.331023 0.422785 0.0108253 0.0170366 459
2 0.258298 0.45259 0.0255538 0.0287105 468
2 0.900917 0.653546 0.146751 0.112269 472
2 0.449252 0.687194 0.154996 0.135177 483
