2 0.286174 0.524671 0.0611449 0.0508208 8
2 0.00667564 0.711111 0.0126503 0.0473414 434
2 0.390708 0.425213 0.0240673 0.027798 433
0 0.695768 0.796885 0.0385792 0.114423 437
2 0.317243 0.544018 0.0863676 0.0690614 438
1 0.695909 0.825289 0.0680073 0.0802051 440
0 0.433167 0.53629 0.0147488 0.0601354 441
0 0.465748 0.532244 0.0149457 0.0629244 444
0 0.479556 0.5103 0.014244 0.0504634 446
1 0.470301 0.547925 0.0169761 0.036936 448
1 0.481413 0.531392 0.013693 0.0347537 449
2 0.331566 0.420855 0.0120254 0.01867 459
2 0.174509 0.485603 0.0417484 0.0391601 468
2 0.707048 0.639444 0.133579 0.11503 483
2 0.296475 0.401525 0.00955238 0.0120726 497
2 0.129875 0.804259 0.103905 0.136037 498
