2 0.300895 0.521089 0.0634461 0.050707 8
2 0.0194294 0.703703 0.0227545 0.0663068 434
2 0.390342 0.425814 0.0242215 0.0278523 433
0 0.692429 0.796086 0.0388259 0.113376 437
2 0.31799 0.544958 0.0843541 0.0669812 438
1 0.695526 0.825019 0.0685514 0.0809672 440
0 0.433262 0.537074 0.0154801 0.0623941 441
0 0.46734 0.528771 0.0140019 0.0588175 444
1 0.470697 0.547638 0.0149472 0.0329882 448
2 0.331375 0.421605 0.0115992 0.018315 459
2 0.299548 0.405893 0.0100329 0.0121529 497
2 0.413983 0.711587 0.128465 0.124053 498
2 0.00804716 0.654878 0.010019 0.0313361 500
