2 0.29724 0.522331 0.0636152 0.051557 8
2 0.0140787 0.706352 0.0193524 0.0621276 434
2 0.390212 0.426106 0.0241012 0.0276609 433
0 0.694829 0.797773 0.0381203 0.114519 437
2 0.31713 0.544896 0.0852332 0.0677712 438
1 0.694288 0.823634 0.0716976 0.0846004 440
0 0.43301 0.536807 0.0150352 0.0607866 441
0 0.466177 0.532476 0.0149912 0.0633465 444
1 0.470946 0.550433 0.0144096 0.031435 448
2 0.331005 0.422807 0.0111077 0.017593 459
2 0.298887 0.405114 0.0103031 0.0122941 497
2 0.38786 0.72018 0.128674 0.126631 498
2 0.0071563 0.656883 0.0111687 0.0354215 500
