2 0.339332 0.498712 0.0558588 0.0402228 8
2 0.0661715 0.680216 0.0718556 0.111379 434
2 0.388334 0.424286 0.0243255 0.0278469 433
0 0.692501 0.79185 0.0385466 0.116367 437
2 0.346328 0.527211 0.0777034 0.0618669 438
1 0.696294 0.823224 0.065926 0.0795216 440
0 0.435326 0.536264 0.0147456 0.0589078 441
0 0.479713 0.508068 0.0126413 0.0527914 444
2 0.328786 0.421382 0.0110985 0.0171788 459
2 0.560102 0.665295 0.124962 0.113125 498
2 0.263595 0.744892 0.111831 0.130011 501
1 0.535656 0.496864 0.00726306 0.0273756 502
1 0.432851 0.553247 0.0178294 0.0380239 506
1 0.479575 0.525348 0.0160431 0.0348745 448
