2 0.36883 0.48504 0.0559611 0.0396658 8
2 0.114261 0.647363 0.092781 0.106313 434
2 0.388594 0.424813 0.0239353 0.0273883 433
0 0.693232 0.794869 0.0379941 0.115428 437
2 0.380414 0.508253 0.0706669 0.0570296 438
1 0.694009 0.824826 0.0639121 0.0758752 440
0 0.438603 0.53593 0.0145235 0.0606736 441
2 0.328618 0.421201 0.0118372 0.0182994 459
2 0.652287 0.650593 0.120706 0.103266 498
2 0.353676 0.719285 0.125191 0.131662 501
1 0.438894 0.55101 0.0171749 0.0369331 506
2 0.0673149 0.782341 0.060109 0.14245 507
1 0.497233 0.516268 0.0135896 0.0301224 449
1 0.550344 0.486155 0.00778675 0.0268926 502
