2 0.378912 0.479789 0.0547531 0.0390446 8
2 0.139439 0.635148 0.0961655 0.103255 434
2 0.38901 0.424618 0.023767 0.0271681 433
0 0.690703 0.794837 0.0367677 0.114102 437
2 0.393325 0.501235 0.0665723 0.0539401 438
1 0.693995 0.824269 0.0643537 0.0759951 440
0 0.440926 0.531641 0.013834 0.0581145 441
2 0.328759 0.42055 0.0122941 0.018949 459
2 0.695829 0.646169 0.114081 0.0970902 498
2 0.382543 0.710883 0.127398 0.130203 501
1 0.441526 0.546853 0.0180948 0.0386074 506
2 0.0874338 0.774875 0.0703291 0.156552 507
2 0.0317687 0.650559 0.0531529 0.0704841 508
1 0.50168 0.515064 0.0147214 0.0295107 449
1 0.555726 0.482448 0.00825323 0.0272491 502
0 0.503749 0.495924 0.0122521 0.0449289 446
