2 0.453963 0.439544 0.0335983 0.027035 8
2 0.359539 0.51879 0.0753026 0.06484 434
2 0.389075 0.424748 0.0240698 0.0274276 433
0 0.693896 0.795525 0.038228 0.114164 437
2 0.486815 0.443719 0.0375216 0.0344651 438
3 0.690778 0.812908 0.0825293 0.103723 440
0 0.472626 0.500623 0.0128966 0.0523698 441
2 0.329662 0.420821 0.0116882 0.018931 459
2 0.643197 0.663181 0.130167 0.115235 501
1 0.47193 0.514457 0.0179656 0.035319 506
2 0.152192 0.585364 0.0695173 0.0717907 508
1 0.555884 0.481778 0.0129522 0.0250705 449
2 0.0514334 0.701813 0.0433446 0.0928437 515
