2 0.461355 0.433545 0.0294102 0.024738 8
2 0.39608 0.498813 0.0675106 0.0577779 434
2 0.388355 0.425887 0.0239754 0.0273562 433
0 0.689993 0.796448 0.0372491 0.113291 437
2 0.50134 0.436205 0.0315269 0.0311316 438
1 0.693142 0.824447 0.0641542 0.0789543 440
2 0.329032 0.420937 0.0119426 0.0194753 459
2 0.727476 0.660422 0.130264 0.113051 501
1 0.482153 0.510695 0.0167978 0.0319936 506
2 0.189874 0.568176 0.0682498 0.0668694 508
1 0.566472 0.476403 0.0122209 0.023176 449
2 0.0834272 0.677967 0.0545962 0.09973 515
0 0.567297 0.46422 0.0107417 0.0365093 505
