2 0.413793 0.461082 0.0427344 0.0322498 8
2 0.241883 0.582042 0.0949277 0.0875235 434
2 0.388178 0.425167 0.0242315 0.0277859 433
0 0.691315 0.796 0.0365355 0.114892 437
2 0.442413 0.473612 0.0537481 0.0447476 438
1 0.689645 0.813098 0.0838195 0.102272 440
0 0.451236 0.513117 0.0121674 0.0498991 441
2 0.327879 0.420437 0.0134609 0.0213817 459
2 0.840729 0.654336 0.131249 0.100391 498
2 0.48748 0.686029 0.133992 0.126028 501
1 0.45284 0.532571 0.0186076 0.038198 506
2 0.178682 0.741637 0.117798 0.185145 507
2 0.0595682 0.632122 0.0674429 0.0828874 508
1 0.524407 0.500269 0.0158357 0.0306832 449
1 0.575429 0.472235 0.00828056 0.022298 502
