2 0.457512 0.437463 0.032393 0.0266527 8
2 0.377671 0.509562 0.0711978 0.0610817 434
2 0.388081 0.426415 0.0239161 0.0272218 433
0 0.692836 0.796716 0.0383869 0.113987 437
2 0.492425 0.441299 0.0354786 0.033272 438
1 0.691875 0.821362 0.069669 0.0865917 440
0 0.477508 0.498332 0.0125525 0.0505194 441
2 0.328428 0.422558 0.011622 0.0188247 459
2 0.694187 0.66046 0.123822 0.109902 501
1 0.476123 0.512901 0.0180575 0.0350649 506
2 0.169895 0.577536 0.0695539 0.0699372 508
1 0.560064 0.480583 0.0120253 0.0231132 449
2 0.0645834 0.692194 0.050111 0.100289 515
0 0.560502 0.466762 0.0114674 0.0366418 520
