2 0.465307 0.428423 0.0273972 0.023726 8
2 0.413709 0.487854 0.0638649 0.0545987 434
2 0.389279 0.424101 0.0242765 0.0277065 433
0 0.689394 0.795272 0.0369502 0.113516 437
2 0.505731 0.429947 0.0291884 0.0300143 438
1 0.694518 0.824029 0.0629736 0.0768711 440
2 0.330186 0.420365 0.0113423 0.0183581 459
2 0.769134 0.660331 0.134581 0.113445 501
2 0.211092 0.557363 0.0671178 0.0642945 508
1 0.573054 0.471431 0.0120314 0.0226254 449
2 0.112922 0.661193 0.0580097 0.0967999 515
2 0.0306591 0.654761 0.0482396 0.0674401 523
