2 0.468544 0.421453 0.0222335 0.0214317 8
2 0.453376 0.466177 0.0520234 0.0448439 434
2 0.389849 0.425841 0.0240082 0.0273944 433
0 0.692833 0.796111 0.0375496 0.11801 437
2 0.508 0.421315 0.023709 0.0269771 438
1 0.694789 0.825784 0.0643091 0.0769823 440
2 0.330739 0.4221 0.0112795 0.0182155 459
2 0.913666 0.672743 0.148269 0.116672 501
2 0.267385 0.531845 0.0612224 0.0558388 508
2 0.20496 0.615365 0.062435 0.0820908 515
2 0.0652289 0.633224 0.0680363 0.0892125 523
2 0.0897635 0.798891 0.0910455 0.121549 524
0 0.517423 0.479019 0.00991122 0.0403102 444
