2 0.46242 0.412804 0.0175482 0.0180067 8
2 0.482 0.443509 0.0379583 0.0358426 434
2 0.390704 0.424856 0.0238307 0.0273294 433
0 0.682738 0.789286 0.0366639 0.127433 437
2 0.501559 0.410788 0.0178684 0.0213508 438
1 0.69408 0.819535 0.0528115 0.0642276 440
2 0.332057 0.421617 0.0114232 0.017996 459
2 0.336399 0.49763 0.0539404 0.0476684 508
2 0.311403 0.558325 0.0606113 0.0652893 515
2 0.158208 0.585865 0.0689555 0.0763147 523
2 0.253367 0.741979 0.110731 0.124075 524
1 0.542971 0.481227 0.00891711 0.0275694 516
