2 0.412045 0.397869 0.0130396 0.0125585 8
2 0.388904 0.425493 0.0238457 0.0274412 433
2 0.329235 0.421791 0.0115658 0.0183669 459
2 0.461189 0.429488 0.027304 0.0262881 508
2 0.478198 0.450888 0.0326048 0.0304729 515
2 0.388785 0.47059 0.0476214 0.0413346 523
2 0.724677 0.641191 0.115706 0.0990958 524
2 0.25798 0.539468 0.054627 0.0599208 537
2 0.431325 0.394093 0.0148185 0.0141222 543
2 0.482012 0.4079 0.0119614 0.0206223 545
2 0.136637 0.641735 0.105243 0.102879 547
0 0.572881 0.678708 0.0347721 0.0934631 549
1 0.574033 0.7115 0.0487898 0.0665706 550
