2 0.39193 0.427282 0.0258673 0.0276737 433
2 0.33137 0.422632 0.0118279 0.018925 459
2 0.697183 0.445431 0.0528793 0.0356779 593
2 0.733026 0.439397 0.0431277 0.0357525 601
2 0.809189 0.470779 0.0689674 0.0376042 605
2 0.850062 0.463572 0.0464231 0.0328034 608
0 0.12854 0.544981 0.0155419 0.0465403 622
2 0.4036 0.39196 0.0110561 0.00988154 623
0 0.475542 0.519921 0.021519 0.0556203 628
1 0.477466 0.539479 0.00914284 0.0325254 641
2 0.865103 0.500087 0.0714014 0.0469558 644
2 0.97559 0.501572 0.043666 0.0454404 619
