2 0.391774 0.427876 0.0257479 0.0275988 433
2 0.331517 0.422929 0.0117891 0.0189912 459
2 0.696812 0.445557 0.0536693 0.0362716 593
2 0.732891 0.440053 0.0433896 0.0360504 601
2 0.808699 0.4724 0.0721027 0.0396204 605
2 0.849648 0.465056 0.0491691 0.0352765 608
0 0.126377 0.550056 0.0149992 0.045415 622
2 0.407214 0.393499 0.0116671 0.010497 623
0 0.47415 0.521906 0.022414 0.0561531 628
1 0.47812 0.542219 0.00887235 0.0313874 641
2 0.901482 0.508976 0.0756996 0.0501802 644
2 0.9758 0.501479 0.0428946 0.0451913 619
