2 0.399654 0.428622 0.0237715 0.0288797 433
2 0.332942 0.424072 0.0130306 0.0189787 459
2 0.65299 0.43559 0.0446901 0.0288082 593
2 0.723008 0.440328 0.0489439 0.0357653 601
2 0.809345 0.470852 0.0694187 0.0375941 605
2 0.840573 0.462916 0.0465602 0.0325785 608
0 0.150505 0.494721 0.00950184 0.0319373 622
0 0.482871 0.520156 0.0154476 0.052876 628
1 0.481803 0.533245 0.0106241 0.0323388 641
2 0.656052 0.46076 0.0570176 0.0370092 644
2 0.161333 0.588123 0.073823 0.0751645 647
2 0.855653 0.502414 0.0522116 0.0500918 648
2 0.972408 0.499862 0.0588353 0.053849 619
