2 0.435068 0.438872 0.0271777 0.034475 433
2 0.346832 0.429214 0.0159285 0.0191551 459
2 0.54166 0.421324 0.0349673 0.0245675 593
2 0.658023 0.428948 0.044234 0.0301928 601
2 0.749673 0.45864 0.0608927 0.0281315 605
2 0.796696 0.455074 0.0472334 0.0325543 608
0 0.138113 0.485887 0.008344 0.0264284 622
0 0.483701 0.518903 0.0141081 0.0542279 628
2 0.660136 0.461887 0.0552948 0.0361989 644
2 0.284702 0.533345 0.0717327 0.0575091 647
2 0.772536 0.485558 0.0663224 0.0454568 648
2 0.942861 0.495691 0.0694751 0.051183 619
2 0.036912 0.658471 0.037456 0.0658901 650
2 0.143246 0.782659 0.101234 0.131247 649
