2 0.439551 0.440066 0.0280699 0.0357318 433
2 0.34788 0.4298 0.0160386 0.019098 459
2 0.53119 0.419798 0.0334558 0.0236834 593
2 0.647368 0.42747 0.042871 0.0291451 601
2 0.738285 0.457447 0.0650777 0.0304511 605
2 0.785067 0.453473 0.0478513 0.0324889 608
0 0.134486 0.484971 0.00869015 0.0276186 622
0 0.482719 0.518796 0.013931 0.0540908 628
2 0.658791 0.461302 0.0563429 0.0369514 644
2 0.289052 0.530249 0.0713673 0.0568605 647
2 0.769681 0.485013 0.0678623 0.0458692 648
2 0.933298 0.494127 0.070365 0.0505549 619
2 0.0422934 0.654144 0.0447303 0.0755455 650
2 0.170432 0.773805 0.107084 0.131146 649
