2 0.483969 0.45077 0.0314793 0.0419526 433
2 0.359998 0.434578 0.0195908 0.0215581 459
2 0.477204 0.411032 0.0260505 0.0199468 593
2 0.583852 0.417723 0.0340895 0.0246971 601
2 0.674399 0.443985 0.0547557 0.029202 605
2 0.722166 0.441933 0.0470348 0.0287607 608
0 0.481804 0.517187 0.0133166 0.0544221 628
2 0.658075 0.4605 0.0559923 0.0367257 644
2 0.303373 0.51964 0.0715088 0.0568308 647
2 0.764232 0.482943 0.0712227 0.0451647 648
2 0.867392 0.480806 0.0727943 0.0480531 619
2 0.0866825 0.625465 0.0689128 0.0760593 650
2 0.315888 0.730865 0.132235 0.127264 649
2 0.367175 0.421548 0.0191711 0.0185427 651
