2 0.466011 0.445163 0.0314047 0.0410381 433
2 0.354534 0.432403 0.0179351 0.0200766 459
2 0.494669 0.413151 0.0290959 0.0218348 593
2 0.607529 0.420047 0.0384463 0.0269818 601
2 0.694899 0.449575 0.0630772 0.0318262 605
2 0.743616 0.44559 0.0478795 0.030233 608
0 0.127766 0.484212 0.00831227 0.0261693 622
0 0.48173 0.517213 0.0134659 0.05449 628
2 0.657723 0.460629 0.0556907 0.0365232 644
2 0.301427 0.520605 0.0720917 0.0571723 647
2 0.765495 0.48329 0.0710275 0.0458801 648
2 0.891306 0.485125 0.072021 0.0484277 619
2 0.0661608 0.636916 0.0625507 0.0798926 650
2 0.270929 0.742194 0.125042 0.128101 649
2 0.361724 0.420073 0.0187086 0.0181332 651
