2 0.458442 0.442221 0.0311998 0.0405071 433
2 0.352913 0.431039 0.0175492 0.0199076 459
2 0.504745 0.414142 0.02981 0.0220734 593
2 0.618554 0.421115 0.0394283 0.0276988 601
2 0.706025 0.451363 0.064981 0.0320141 605
2 0.754496 0.446588 0.0478034 0.0306717 608
0 0.129675 0.483786 0.00802615 0.02527 622
0 0.482259 0.516514 0.0134779 0.0542499 628
2 0.658229 0.45997 0.056352 0.0370035 644
2 0.299681 0.521532 0.0725485 0.0574661 647
2 0.766756 0.4832 0.0698718 0.0455144 648
2 0.903717 0.487971 0.0713337 0.0485934 619
2 0.0594438 0.641625 0.0586826 0.0811989 650
2 0.248348 0.748378 0.121158 0.128723 649
2 0.360034 0.418901 0.0187097 0.0181489 651
