2 0.817464 0.541092 0.0775844 0.0929149 433
2 0.438372 0.464286 0.0375329 0.0377962 459
2 0.468066 0.401821 0.0235571 0.0183347 601
2 0.510863 0.41915 0.0338758 0.0208379 605
2 0.565845 0.417139 0.0332392 0.0206306 608
0 0.480052 0.518318 0.0127229 0.0553306 628
2 0.297805 0.522223 0.0715518 0.0574448 647
2 0.763093 0.480877 0.0715212 0.0431508 648
2 0.660597 0.438836 0.0481068 0.0312241 619
2 0.189417 0.576464 0.0857743 0.0613281 650
2 0.451025 0.696427 0.147983 0.120081 649
2 0.422362 0.438744 0.0311676 0.0291214 651
2 0.957151 0.51538 0.0549745 0.0645142 654
2 0.37222 0.425072 0.0205989 0.0205912 655
2 0.50066 0.461708 0.0277751 0.0365935 657
2 0.829177 0.47266 0.0842374 0.0452714 658
2 0.95175 0.471816 0.0743219 0.0455379 660
