2 0.768501 0.529002 0.0703994 0.0869753 433
2 0.428827 0.461483 0.0354968 0.0359337 459
2 0.474983 0.40325 0.0238499 0.0183751 601
2 0.520026 0.421083 0.0343438 0.0207148 605
2 0.57506 0.418846 0.0338008 0.0208865 608
0 0.479986 0.518517 0.0127862 0.0551717 628
2 0.297761 0.522612 0.0717208 0.0575285 647
2 0.76155 0.481866 0.0726325 0.0437402 648
2 0.675598 0.443718 0.0553714 0.0361273 619
2 0.185939 0.578627 0.0855242 0.0619484 650
2 0.447619 0.697703 0.147426 0.120025 649
2 0.416235 0.436889 0.0286841 0.0267058 651
2 0.958487 0.51611 0.0512237 0.0632563 654
2 0.368667 0.424633 0.0201102 0.0200849 655
2 0.487119 0.458072 0.025118 0.0344527 657
2 0.850031 0.477117 0.0871728 0.0465174 658
2 0.955592 0.473556 0.0726604 0.0449979 660
