2 0.725831 0.518015 0.0642632 0.0815527 433
2 0.420176 0.458763 0.033273 0.0338164 459
2 0.398385 0.401378 0.0178014 0.0152029 593
2 0.48201 0.404219 0.0237701 0.0181633 601
2 0.529427 0.422299 0.036107 0.0214556 605
2 0.586795 0.420428 0.0349271 0.0212761 608
0 0.479744 0.518808 0.0127657 0.0545061 628
2 0.666365 0.45448 0.0355302 0.0238775 644
2 0.297729 0.522819 0.0715588 0.0573522 647
2 0.759827 0.482274 0.0744296 0.0447953 648
2 0.689302 0.44644 0.0575775 0.0369762 619
2 0.181957 0.581009 0.0859943 0.0633017 650
2 0.444055 0.69861 0.146826 0.120045 649
2 0.410811 0.435298 0.0274485 0.0255532 651
2 0.959949 0.516182 0.0476244 0.062181 654
2 0.36548 0.42398 0.0197944 0.0197283 655
2 0.474707 0.454792 0.0235153 0.0336769 657
2 0.871171 0.48102 0.0887179 0.0470453 658
2 0.959337 0.474017 0.0710838 0.044328 660
