2 0.486295 0.481945 0.0462342 0.0452452 459
2 0.443217 0.398693 0.0200553 0.0160302 601
2 0.47661 0.414388 0.0275034 0.0182363 605
2 0.52952 0.412074 0.0295052 0.0186412 608
0 0.479578 0.518474 0.0119291 0.0532791 628
2 0.297791 0.522286 0.0715753 0.0576139 647
2 0.603929 0.431723 0.0457501 0.0311636 619
2 0.200533 0.571446 0.0871347 0.0596504 650
2 0.458901 0.695053 0.149241 0.120117 649
2 0.453499 0.447376 0.0370308 0.0346271 651
2 0.959633 0.506828 0.0531501 0.0504343 654
2 0.388159 0.428902 0.0227927 0.0227454 655
2 0.57627 0.484568 0.042766 0.0479757 657
2 0.749155 0.453842 0.059251 0.0321986 658
2 0.359928 0.421255 0.0193382 0.0169448 662
2 0.332157 0.42295 0.0177549 0.0208215 664
2 0.768756 0.471155 0.0422152 0.0229916 648
