2 0.654747 0.543173 0.0834285 0.0757381 459
2 0.408768 0.393072 0.0169026 0.0141041 601
2 0.427461 0.406755 0.0217406 0.0159211 605
2 0.474002 0.404149 0.0229328 0.0150197 608
0 0.479552 0.51728 0.0115613 0.0547152 628
2 0.296915 0.52236 0.0718466 0.0577446 647
2 0.522575 0.418488 0.0338309 0.0247621 619
2 0.207325 0.567821 0.0893356 0.0595507 650
2 0.457628 0.694405 0.150826 0.120538 649
2 0.555069 0.47502 0.0566382 0.051859 651
2 0.43223 0.440003 0.0302003 0.0302761 655
2 0.385904 0.428564 0.0225868 0.0199532 662
2 0.348441 0.428983 0.0199908 0.0236342 664
2 0.759235 0.481084 0.0854545 0.046939 648
2 0.655872 0.45931 0.0600071 0.0370572 665
2 0.943914 0.510659 0.094071 0.0628327 654
2 0.066326 0.682205 0.0553518 0.104087 667
2 0.819064 0.471507 0.0879224 0.0407821 668
2 0.624848 0.435153 0.0518253 0.0310764 658
