2 0.62006 0.530194 0.0756081 0.069942 459
2 0.413141 0.394042 0.0168051 0.0137801 601
2 0.433944 0.407765 0.022229 0.0160274 605
2 0.48139 0.405395 0.0232926 0.015108 608
0 0.479595 0.517274 0.0116117 0.0546209 628
2 0.297166 0.522327 0.0720312 0.057928 647
2 0.533012 0.419919 0.0355752 0.0257676 619
2 0.207497 0.567923 0.0887735 0.0593075 650
2 0.457959 0.694319 0.150702 0.120552 649
2 0.534001 0.468856 0.0524661 0.0482823 651
2 0.424228 0.4384 0.0293329 0.0294321 655
2 0.381294 0.42727 0.021827 0.0192888 662
2 0.345633 0.428631 0.0185678 0.0218824 664
2 0.759389 0.481243 0.0848864 0.046231 648
2 0.655432 0.459295 0.0604225 0.0371445 665
2 0.944387 0.509394 0.0893796 0.0608295 654
2 0.0536355 0.691665 0.0489777 0.0979045 667
2 0.843185 0.475967 0.0884275 0.040708 668
