2 0.519605 0.493517 0.0543551 0.0525332 459
2 0.432176 0.396986 0.0182238 0.0147489 601
2 0.461508 0.411665 0.0256756 0.0174883 605
2 0.511658 0.409234 0.0274012 0.0174158 608
0 0.480086 0.517567 0.0120859 0.0553166 628
2 0.29748 0.522265 0.0714659 0.0574806 647
2 0.579542 0.427183 0.0417107 0.0289317 619
2 0.204546 0.569512 0.0877166 0.0593693 650
2 0.459076 0.69439 0.150459 0.120833 649
2 0.474162 0.452675 0.0402445 0.03743 651
2 0.398196 0.431581 0.0251269 0.0251619 655
2 0.635483 0.503532 0.0514067 0.0530799 657
2 0.711794 0.44915 0.0649738 0.0363142 658
2 0.366019 0.422474 0.020114 0.0176773 662
2 0.335509 0.42445 0.0180337 0.0211954 664
2 0.763394 0.475407 0.0653505 0.0343092 648
2 0.655188 0.459806 0.0599244 0.0364315 665
2 0.95193 0.502347 0.0502684 0.0422037 654
