2 0.589469 0.519293 0.0689422 0.0646606 459
2 0.418302 0.395108 0.0167388 0.0135327 601
2 0.44017 0.408854 0.0229421 0.0162178 605
2 0.488785 0.406329 0.0237617 0.0153284 608
0 0.479841 0.517417 0.011731 0.0548258 628
2 0.297423 0.522302 0.0718084 0.057741 647
2 0.544169 0.42152 0.0372714 0.0267224 619
2 0.207769 0.567966 0.0883743 0.0591752 650
2 0.458385 0.694482 0.150782 0.120745 649
2 0.516001 0.463372 0.0487919 0.0450906 651
2 0.41648 0.436472 0.0282317 0.0283367 655
2 0.377159 0.426097 0.0215049 0.0190104 662
2 0.343342 0.42729 0.0182019 0.0214553 664
2 0.760363 0.480852 0.0846551 0.0458275 648
2 0.655535 0.45931 0.0611272 0.0374505 665
2 0.945699 0.507997 0.0814648 0.0566039 654
2 0.0400574 0.694187 0.0368319 0.0762334 667
2 0.869971 0.479937 0.0894175 0.041016 668
2 0.668871 0.437445 0.0404285 0.0271401 644
