2 0.37986 0.400645 0.0143249 0.0118025 605
2 0.415398 0.396633 0.0165711 0.0121457 608
0 0.480231 0.517727 0.011884 0.0550131 628
2 0.296928 0.522533 0.0707916 0.0566043 647
2 0.200736 0.567544 0.0940802 0.0568054 650
2 0.456123 0.695439 0.151805 0.120679 649
2 0.576893 0.480683 0.054945 0.0513192 655
2 0.459618 0.450546 0.0354624 0.0308064 662
2 0.398902 0.446211 0.0274337 0.0307731 664
2 0.760244 0.481908 0.080114 0.045784 648
2 0.655318 0.460348 0.0572257 0.0361869 665
2 0.944186 0.511772 0.104275 0.0631048 654
2 0.246363 0.582525 0.0759199 0.079469 667
2 0.623638 0.435696 0.0500359 0.0260699 668
2 0.510604 0.417285 0.0313918 0.0221896 658
2 0.350401 0.429612 0.0202289 0.0236663 675
2 0.819618 0.460474 0.0727844 0.0344243 677
2 0.439952 0.408304 0.0225818 0.0185191 619
2 0.385672 0.430456 0.0212193 0.0201613 687
2 0.896682 0.484939 0.0872093 0.0331249 688
