2 0.400158 0.403736 0.0169631 0.012981 605
2 0.441739 0.399344 0.0200268 0.0138265 608
0 0.479996 0.517685 0.011763 0.0553124 628
2 0.296762 0.522384 0.0715864 0.0572908 647
2 0.205473 0.564228 0.0779685 0.0495851 650
2 0.456602 0.69498 0.151916 0.12095 649
2 0.485611 0.454277 0.0393412 0.0383701 655
2 0.414006 0.43714 0.0276456 0.0245664 662
2 0.368357 0.435877 0.0222244 0.0260305 664
2 0.7587 0.481507 0.0816827 0.0458115 648
2 0.655042 0.459034 0.0588128 0.0367422 665
2 0.943701 0.510315 0.103274 0.0649627 654
2 0.170293 0.624041 0.069892 0.0913114 667
2 0.709021 0.449908 0.0674093 0.0322294 668
2 0.562113 0.42499 0.0398478 0.0261132 658
2 0.335487 0.424821 0.0181546 0.0216916 675
2 0.928989 0.47364 0.0678694 0.0314316 677
2 0.941048 0.630759 0.14643 0.0990892 679
2 0.476255 0.412143 0.0278419 0.0216219 619
2 0.75652 0.531381 0.0815763 0.0795898 657
