2 0.383405 0.400985 0.0149781 0.0121694 605
2 0.420494 0.396838 0.017582 0.0127748 608
0 0.480517 0.517109 0.0120057 0.0553658 628
2 0.297201 0.522442 0.0724341 0.0580633 647
2 0.206394 0.56557 0.0897162 0.0527965 650
2 0.456455 0.69515 0.152288 0.121113 649
2 0.554337 0.47328 0.0504427 0.0475831 655
2 0.44907 0.447037 0.0335224 0.0292675 662
2 0.39192 0.443666 0.0263372 0.0298337 664
2 0.760479 0.481171 0.0798879 0.0454371 648
2 0.65581 0.45937 0.0569623 0.0359793 665
2 0.944529 0.50965 0.105973 0.0647224 654
2 0.234665 0.589317 0.0755449 0.0816364 667
2 0.643587 0.436309 0.0480658 0.0243899 668
2 0.520336 0.41799 0.033127 0.0230762 658
2 0.347308 0.428381 0.0203156 0.0239854 675
2 0.840479 0.462076 0.0775264 0.0365727 677
2 0.44699 0.408594 0.0235639 0.0191231 619
