2 0.746484 0.573601 0.103258 0.0901752 459
2 0.400633 0.391706 0.0159902 0.013926 601
2 0.41544 0.405388 0.0188616 0.014035 605
2 0.460548 0.402032 0.0214809 0.0143248 608
0 0.479834 0.517346 0.0115857 0.0548111 628
2 0.297017 0.522084 0.0707123 0.0567093 647
2 0.503292 0.415827 0.0307319 0.0229717 619
2 0.206739 0.56768 0.0896213 0.05947 650
2 0.457084 0.694467 0.151084 0.120525 649
2 0.608291 0.490734 0.0667629 0.0600304 651
2 0.450524 0.445083 0.0325455 0.0322024 655
2 0.395981 0.431697 0.0246882 0.0218301 662
2 0.355013 0.43029 0.021944 0.0262829 664
2 0.759617 0.48173 0.0824272 0.045686 648
2 0.655053 0.459306 0.0587489 0.0364298 665
2 0.94346 0.510874 0.0990089 0.0640821 654
2 0.104741 0.657211 0.0630222 0.101328 667
2 0.771509 0.460452 0.0722397 0.0339148 668
2 0.600585 0.430517 0.0479544 0.0298261 658
2 0.329213 0.422275 0.0160663 0.0193347 675
