2 0.391153 0.402211 0.0166082 0.0130994 605
2 0.430503 0.397937 0.0191583 0.0136739 608
0 0.480163 0.517712 0.0119386 0.055335 628
2 0.296631 0.522585 0.0722697 0.0578539 647
2 0.204932 0.56072 0.0714504 0.0423262 650
2 0.456274 0.695188 0.151857 0.120798 649
2 0.515858 0.462427 0.0435364 0.0418129 655
2 0.429383 0.44246 0.0291035 0.0256794 662
2 0.378754 0.439609 0.0242133 0.0279559 664
2 0.759271 0.481678 0.0807019 0.0456033 648
2 0.655028 0.459648 0.0578295 0.0363205 665
2 0.94347 0.511182 0.103074 0.0635981 654
2 0.205867 0.605537 0.0718695 0.0838508 667
2 0.675217 0.444341 0.0616498 0.0304465 668
2 0.539956 0.421534 0.0364526 0.0245757 658
2 0.340239 0.426351 0.0194451 0.0230804 675
2 0.886779 0.47007 0.0778867 0.0363495 677
2 0.460753 0.410685 0.0257737 0.0204999 619
2 0.894607 0.57507 0.116092 0.0960559 459
