0 0.479923 0.517742 0.0114299 0.0506017 628
2 0.297887 0.513896 0.0624463 0.0415974 647
2 0.206344 0.56637 0.0912212 0.0599393 650
2 0.456138 0.693513 0.152203 0.120683 649
2 0.616021 0.493768 0.0642724 0.0517877 662
2 0.493299 0.474577 0.0469291 0.0496679 664
2 0.760044 0.479995 0.0778938 0.0448719 648
2 0.655448 0.457259 0.0582291 0.0374691 665
2 0.944776 0.510418 0.107339 0.0631428 654
2 0.304981 0.547016 0.0746141 0.0668104 667
2 0.52883 0.41771 0.0358119 0.0208327 668
2 0.38834 0.440584 0.0284964 0.0314751 675
2 0.675542 0.429824 0.0444494 0.0215116 677
2 0.397521 0.399265 0.0166883 0.0150475 619
2 0.455128 0.446924 0.0326542 0.0301728 687
2 0.694848 0.444428 0.0779147 0.0326648 688
2 0.448886 0.404432 0.0226843 0.0179695 658
2 0.872475 0.465855 0.0787252 0.0408416 704
2 0.950194 0.579767 0.095389 0.0867409 657
