0 0.479309 0.518566 0.01137 0.0509232 628
2 0.296803 0.513004 0.0543049 0.0386888 647
2 0.200933 0.567518 0.0904836 0.0595696 650
2 0.455678 0.694611 0.152009 0.120621 649
2 0.751046 0.531239 0.0878421 0.0766463 655
2 0.538395 0.471858 0.050307 0.0420805 662
2 0.447473 0.460125 0.0380046 0.0409727 664
2 0.759706 0.48187 0.0779747 0.0449226 648
2 0.65482 0.458899 0.0574228 0.0367296 665
2 0.943679 0.511671 0.107051 0.0635127 654
2 0.289267 0.557455 0.0746236 0.069458 667
2 0.559897 0.424572 0.0413117 0.0231018 668
2 0.370989 0.435746 0.0247177 0.0278821 675
2 0.725716 0.441322 0.0561017 0.0271346 677
2 0.410882 0.402039 0.0188643 0.0163361 619
2 0.422082 0.439412 0.0274517 0.025988 687
2 0.764486 0.458133 0.0811818 0.0322814 688
2 0.468642 0.4091 0.0256419 0.019519 658
2 0.943163 0.47632 0.0669352 0.0348525 704
