0 0.480058 0.51755 0.0110839 0.0480619 628
2 0.297232 0.516041 0.0737997 0.0496748 647
2 0.206109 0.565892 0.0913688 0.0599551 650
2 0.456051 0.69295 0.152351 0.120781 649
2 0.689288 0.513914 0.0782949 0.0608889 662
2 0.535432 0.489507 0.0562481 0.0588599 664
2 0.759973 0.478967 0.078481 0.0452381 648
2 0.655595 0.457352 0.0553031 0.0354504 665
2 0.944765 0.508797 0.109239 0.0642827 654
2 0.312803 0.541753 0.074238 0.0652492 667
2 0.509373 0.413432 0.0332274 0.0199301 668
2 0.401625 0.445147 0.0308742 0.0334939 675
2 0.64988 0.42378 0.0439653 0.0209719 677
2 0.389675 0.397792 0.0159751 0.0148075 619
2 0.4819 0.45418 0.0380835 0.0348592 687
2 0.654171 0.433771 0.0650305 0.0283852 688
2 0.436475 0.401322 0.020986 0.0171278 658
2 0.824295 0.457559 0.0754775 0.0392679 704
2 0.338471 0.420167 0.0202727 0.0229107 713
2 0.378817 0.421176 0.0244879 0.0251765 714
2 0.316549 0.414345 0.0123442 0.0158438 716
