0 0.479298 0.519053 0.0110658 0.0467109 628
2 0.296709 0.519118 0.0797819 0.0549913 647
2 0.20565 0.566222 0.0913023 0.0598662 650
2 0.455633 0.693566 0.152155 0.120608 649
2 0.590546 0.512012 0.0678609 0.0695782 664
2 0.759778 0.480277 0.0778787 0.044996 648
2 0.655117 0.458112 0.0563655 0.0361474 665
2 0.944242 0.51055 0.107867 0.063176 654
2 0.319521 0.538769 0.0744052 0.0644694 667
2 0.492358 0.411924 0.0302269 0.0189793 668
2 0.41797 0.451529 0.0349171 0.037129 675
2 0.516651 0.464647 0.0442499 0.039711 687
2 0.618165 0.430431 0.0593445 0.026984 688
2 0.425212 0.399864 0.0201673 0.0170451 658
2 0.778604 0.450102 0.07031 0.036914 704
2 0.343782 0.422553 0.0222623 0.0253506 713
2 0.390877 0.425599 0.0267368 0.0273341 714
2 0.319203 0.416812 0.0128935 0.016456 716
2 0.839169 0.476385 0.0842355 0.0390887 717
2 0.289981 0.425135 0.0158056 0.0157227 718
