0 0.484368 0.51378 0.0122105 0.0505062 628
2 0.291997 0.522678 0.0670281 0.0550457 647
2 0.20757 0.567203 0.0909256 0.0591599 650
2 0.457301 0.696296 0.151857 0.120684 649
2 0.762432 0.482816 0.0768136 0.0451714 648
2 0.656615 0.460342 0.0568988 0.0365878 665
2 0.945487 0.513612 0.108505 0.0626819 654
2 0.332266 0.533358 0.0746071 0.0619455 667
2 0.390856 0.398178 0.0164746 0.01283 668
2 0.433038 0.406042 0.0253403 0.0165964 688
2 0.452263 0.461421 0.0416059 0.0444733 713
2 0.369461 0.437419 0.0218846 0.0260735 716
2 0.501458 0.41654 0.0329368 0.0195616 717
1 0.494372 0.562799 0.0181166 0.0397998 720
0 0.494252 0.541543 0.0150182 0.0507355 723
2 0.629765 0.426398 0.0437172 0.0261919 724
2 0.722849 0.452534 0.0688602 0.0371891 727
1 0.482292 0.529513 0.0111549 0.0342615 734
2 0.528281 0.410918 0.0265712 0.020813 736
