0 0.482959 0.515874 0.013024 0.0538392 628
2 0.295281 0.522675 0.0688347 0.0554985 647
2 0.207218 0.567343 0.0908634 0.0591295 650
2 0.457109 0.696399 0.151542 0.120439 649
2 0.761984 0.483045 0.0768126 0.0450832 648
2 0.656284 0.460548 0.0565059 0.036312 665
2 0.945145 0.513439 0.107705 0.0622 654
2 0.332164 0.533527 0.0746195 0.0620594 667
2 0.395395 0.399355 0.0165519 0.0126752 668
2 0.439478 0.407767 0.0242072 0.0154469 688
2 0.439947 0.457421 0.0391014 0.0421175 713
2 0.364703 0.435792 0.0213378 0.0254609 716
2 0.510896 0.418388 0.0349517 0.0201968 717
2 0.215535 0.474504 0.0331076 0.0307997 718
1 0.497589 0.564703 0.018637 0.0426765 720
0 0.498565 0.543884 0.0150527 0.0515652 723
2 0.649277 0.428654 0.0476914 0.0276353 724
2 0.753217 0.456792 0.0685906 0.0366539 727
1 0.481846 0.530408 0.0114536 0.0352708 734
2 0.938813 0.623936 0.129714 0.11259 664
2 0.537389 0.412626 0.028339 0.0222137 736
2 0.665289 0.50727 0.104203 0.0779999 737
