2 0.292187 0.52192 0.0652031 0.0554682 647
2 0.207835 0.567086 0.0910176 0.0592099 650
2 0.457152 0.695015 0.151712 0.120518 649
2 0.761733 0.482353 0.0777589 0.0451709 648
2 0.656794 0.459907 0.0564948 0.036226 665
2 0.945447 0.511801 0.107432 0.0624643 654
2 0.332215 0.533212 0.0753967 0.0623158 667
2 0.370331 0.396027 0.0114163 0.00935799 668
2 0.400362 0.401446 0.0175416 0.0124376 688
2 0.56797 0.500404 0.0684997 0.0709314 713
2 0.411737 0.452505 0.0297836 0.0344214 716
2 0.445344 0.408443 0.0249851 0.0162157 717
3 0.477935 0.550988 0.019649 0.0391034 720
0 0.475723 0.532411 0.0175099 0.055494 723
2 0.55224 0.41418 0.032603 0.0217666 724
2 0.587073 0.428118 0.0478678 0.0281807 727
2 0.473619 0.402271 0.0228715 0.0182274 736
2 0.650677 0.427525 0.0434124 0.0290463 743
2 0.289057 0.431946 0.0176658 0.0225193 745
2 0.350274 0.430013 0.020676 0.0215718 747
2 0.876725 0.467109 0.0992023 0.0424707 750
2 0.0435218 0.791694 0.064576 0.123193 757
0 0.485269 0.516659 0.01609 0.0503672 734
