2 0.29671 0.521277 0.0668921 0.0566567 647
2 0.208289 0.567179 0.0914694 0.0595421 650
2 0.457741 0.695766 0.152219 0.120916 649
2 0.762771 0.482762 0.0759895 0.0442158 648
2 0.656903 0.460075 0.0566786 0.036338 665
2 0.945345 0.511848 0.107776 0.0625536 654
2 0.332368 0.53326 0.0754298 0.0622751 667
2 0.361924 0.394924 0.0110399 0.00930634 668
2 0.445043 0.463842 0.0366101 0.0410518 716
2 0.424691 0.405144 0.0212334 0.0143039 717
1 0.47236 0.548221 0.0186178 0.0362523 720
0 0.468989 0.529849 0.0172889 0.0572287 723
2 0.52047 0.409835 0.0278825 0.0196121 724
2 0.540202 0.421202 0.0400179 0.0247316 727
2 0.452955 0.399521 0.0201399 0.0162837 736
2 0.602333 0.420343 0.0383094 0.0259467 743
2 0.285523 0.436247 0.019819 0.0252963 745
2 0.362407 0.434238 0.0230492 0.0240733 747
2 0.792715 0.451782 0.0848669 0.0376514 750
2 0.0951617 0.775056 0.101758 0.18039 757
0 0.486257 0.513277 0.01568 0.0530398 734
2 0.33029 0.420516 0.017206 0.0201926 769
2 0.677618 0.540125 0.121445 0.0924858 737
2 0.449796 0.445714 0.0392089 0.027831 742
