2 0.296064 0.521338 0.066708 0.0566179 647
2 0.207955 0.566775 0.0910424 0.0592531 650
2 0.457522 0.695359 0.152113 0.120793 649
2 0.762593 0.482339 0.0766923 0.0446607 648
2 0.656861 0.459706 0.0572074 0.0367178 665
2 0.945355 0.511805 0.107759 0.0625774 654
2 0.332267 0.533104 0.075551 0.0623978 667
2 0.364916 0.395052 0.0115573 0.00957667 668
2 0.392381 0.399914 0.0161029 0.0118035 688
2 0.432679 0.459353 0.0340267 0.0385986 716
2 0.430995 0.405936 0.0224202 0.0149327 717
1 0.473891 0.548331 0.019034 0.037463 720
0 0.470692 0.530467 0.0176157 0.0570999 723
2 0.530581 0.410943 0.0299141 0.0206839 724
2 0.554723 0.423141 0.0420244 0.0255408 727
2 0.459557 0.400496 0.0204931 0.0164402 736
2 0.616684 0.42232 0.0400183 0.0270651 743
2 0.286979 0.434493 0.0189799 0.0242572 745
2 0.35832 0.432705 0.0220049 0.0229517 747
2 0.820944 0.456568 0.0900382 0.0394088 750
2 0.0772796 0.77627 0.0842916 0.154542 757
0 0.486116 0.514108 0.0159002 0.0522446 734
2 0.612003 0.486488 0.0482254 0.0445109 714
2 0.649048 0.528288 0.113583 0.0861234 737
