2 0.297164 0.520676 0.0672353 0.0567008 647
2 0.208197 0.566858 0.0913637 0.0593942 650
2 0.458989 0.695456 0.152273 0.121108 649
2 0.762728 0.481913 0.0774218 0.0451087 648
2 0.657096 0.459364 0.0572012 0.0367868 665
2 0.946251 0.512386 0.109113 0.0637331 654
2 0.332196 0.533062 0.0752354 0.0619182 667
2 0.354059 0.392776 0.0107753 0.00954742 668
2 0.51053 0.485902 0.0507687 0.0552169 716
2 0.402732 0.401369 0.017879 0.0127976 717
0 0.466205 0.532816 0.0180093 0.0606231 723
2 0.489591 0.412071 0.0364904 0.0247309 727
2 0.428954 0.396045 0.01644 0.013381 736
2 0.550275 0.412743 0.0330465 0.0227346 743
2 0.271715 0.444967 0.0241947 0.0290216 745
2 0.382495 0.440789 0.0276688 0.0289526 747
2 0.695255 0.434453 0.0667824 0.0320346 750
2 0.160083 0.745723 0.136705 0.187558 757
0 0.486173 0.513343 0.0149072 0.0543784 734
2 0.340186 0.425616 0.0185582 0.0213985 769
2 0.408633 0.4323 0.0258687 0.0279306 774
2 0.946613 0.617575 0.110835 0.104389 675
