2 0.29814 0.521485 0.0666465 0.055742 647
2 0.209826 0.566702 0.0906585 0.0590548 650
2 0.46924 0.694119 0.151665 0.120939 649
2 0.764055 0.482774 0.0768872 0.0450312 648
2 0.658518 0.460412 0.0564643 0.0364054 665
2 0.946979 0.513517 0.107754 0.0630046 654
2 0.333357 0.533359 0.075638 0.0620975 667
0 0.466307 0.533375 0.0166399 0.0604402 723
2 0.492591 0.404816 0.0239878 0.0173409 743
2 0.228873 0.464995 0.0373247 0.0372295 745
2 0.429984 0.457435 0.0369043 0.0379956 747
2 0.209342 0.730624 0.17794 0.182046 757
0 0.487166 0.512979 0.0129599 0.0522886 734
2 0.362126 0.433179 0.0227696 0.0255695 769
2 0.699568 0.445525 0.0782696 0.0372685 788
1 0.485921 0.526514 0.0180397 0.0383758 797
2 0.511788 0.417583 0.0318013 0.0195039 799
2 0.48029 0.452102 0.0498603 0.0391381 742
2 0.7263 0.561996 0.0945225 0.0938261 713
2 0.7406 0.530216 0.0904446 0.0664408 737
2 0.58806 0.418893 0.045937 0.0248426 750
