2 0.298174 0.522171 0.0672413 0.0560742 647
2 0.209578 0.56748 0.090425 0.058786 650
2 0.471195 0.694105 0.150749 0.1202 649
2 0.764008 0.483309 0.0764936 0.044846 648
2 0.658308 0.460759 0.0574497 0.0373786 665
2 0.946514 0.51396 0.106789 0.0623949 654
2 0.333125 0.533939 0.0756785 0.0621602 667
0 0.46987 0.533402 0.0155689 0.0595717 723
2 0.456418 0.399944 0.0200424 0.0149822 743
2 0.50209 0.484029 0.0522418 0.0516854 747
2 0.206526 0.733099 0.203286 0.181515 757
0 0.487618 0.514282 0.0125511 0.0516712 734
2 0.386724 0.442058 0.0287152 0.031521 769
2 0.582035 0.428647 0.0567086 0.0294141 788
1 0.486021 0.527544 0.0148112 0.0313542 797
2 0.4568 0.411043 0.0255827 0.0161618 799
2 0.524492 0.410418 0.0341784 0.0208879 750
2 0.289604 0.43775 0.0159455 0.0218374 818
2 0.161657 0.490974 0.057649 0.044787 740
