2 0.297301 0.521318 0.0664937 0.0567197 647
2 0.209801 0.566839 0.0902275 0.0586383 650
2 0.470974 0.693204 0.150936 0.120409 649
2 0.763619 0.482442 0.076763 0.0450044 648
2 0.658302 0.460287 0.0559804 0.0363286 665
2 0.946686 0.513157 0.106964 0.0631447 654
2 0.333241 0.533379 0.0759022 0.0623036 667
0 0.471075 0.533497 0.0152736 0.0595343 723
2 0.204629 0.733528 0.225276 0.180134 757
0 0.487414 0.514509 0.0120697 0.050871 734
2 0.462413 0.466769 0.0469273 0.0488618 769
2 0.470319 0.413226 0.035278 0.0215496 788
1 0.4862 0.525632 0.0152084 0.0321866 797
2 0.40048 0.403007 0.019851 0.0135298 799
2 0.457504 0.400012 0.0214385 0.015446 750
2 0.249883 0.458993 0.0259884 0.0312004 818
2 0.392686 0.442035 0.0306746 0.0338812 827
2 0.730323 0.441432 0.0671197 0.0345453 831
2 0.539949 0.474108 0.0438435 0.0439701 774
2 0.853334 0.59652 0.121407 0.113164 716
