2 0.2975 0.520873 0.0680574 0.0581362 647
2 0.20937 0.567115 0.0900111 0.0583999 650
2 0.470565 0.693756 0.151326 0.120691 649
2 0.76358 0.483014 0.0766395 0.0449771 648
2 0.657959 0.461189 0.0545639 0.0351431 665
2 0.946338 0.513376 0.107138 0.0632608 654
2 0.332929 0.533674 0.07562 0.0620255 667
0 0.471822 0.533337 0.0153364 0.0591866 723
2 0.203754 0.734003 0.229406 0.180549 757
0 0.487031 0.514679 0.0122255 0.0517721 734
2 0.494351 0.478602 0.0537789 0.0549652 769
2 0.451067 0.411447 0.0319342 0.020225 788
1 0.485413 0.526251 0.014644 0.0310221 797
2 0.389053 0.402404 0.0187124 0.0130585 799
2 0.231192 0.466893 0.0291013 0.0329497 818
2 0.407705 0.446704 0.0349166 0.0386828 827
2 0.67989 0.432712 0.0620592 0.0326547 831
2 0.95175 0.629131 0.106941 0.103771 716
2 0.727967 0.451046 0.0755178 0.0377382 850
