2 0.297601 0.521206 0.0673168 0.0574444 647
2 0.20965 0.567128 0.0896653 0.0581239 650
2 0.470679 0.693618 0.150728 0.120138 649
2 0.763822 0.482742 0.0769226 0.0451938 648
2 0.657854 0.460652 0.0561743 0.0362162 665
2 0.946519 0.513216 0.107292 0.0633908 654
2 0.332924 0.533627 0.0755863 0.0619778 667
0 0.471238 0.533253 0.0152604 0.0593849 723
2 0.203836 0.733169 0.230899 0.18059 757
0 0.487287 0.514525 0.0122615 0.0516871 734
2 0.516157 0.485374 0.0586561 0.0601496 769
2 0.442823 0.410397 0.030021 0.0192798 788
1 0.485737 0.526303 0.0147671 0.0311083 797
2 0.384403 0.401561 0.0179462 0.0127347 799
2 0.218934 0.471597 0.031039 0.0338117 818
2 0.416866 0.449423 0.0366187 0.0405255 827
2 0.657979 0.428321 0.0569649 0.0302679 831
2 0.706403 0.447523 0.0746492 0.0374858 850
