2 0.295427 0.523343 0.0662012 0.0553406 647
2 0.206482 0.569291 0.0911607 0.0591335 650
2 0.46894 0.694814 0.151748 0.121529 649
2 0.760473 0.481459 0.0716288 0.0417162 648
2 0.655614 0.461086 0.0553876 0.0354367 665
2 0.944213 0.511141 0.107561 0.0626171 654
2 0.330808 0.535141 0.0758368 0.0622259 667
0 0.468492 0.534412 0.0145314 0.060711 723
2 0.211806 0.732561 0.239216 0.179399 757
0 0.485041 0.515469 0.012249 0.0535321 734
2 0.669176 0.542313 0.0949191 0.0907312 827
2 0.503836 0.415758 0.0401475 0.0247559 850
2 0.450386 0.464818 0.0423375 0.044622 861
2 0.426535 0.407981 0.0199519 0.0155921 869
2 0.375113 0.403489 0.0177941 0.0148833 871
2 0.47963 0.454042 0.0347646 0.0367384 874
2 0.287681 0.432656 0.0148484 0.019569 876
2 0.766284 0.456143 0.0696363 0.0355448 882
2 0.810315 0.543043 0.113603 0.0894006 714
