2 0.296025 0.524027 0.0666328 0.0560524 647
2 0.207107 0.569701 0.0910169 0.0590088 650
2 0.469367 0.695494 0.151738 0.121181 649
2 0.761524 0.482948 0.075732 0.0446687 648
2 0.65636 0.460791 0.0575642 0.0375974 665
2 0.945339 0.511419 0.105712 0.0622139 654
2 0.331234 0.535748 0.0763089 0.0626167 667
0 0.469278 0.535075 0.0147961 0.0602429 723
2 0.202912 0.734953 0.238893 0.180764 757
0 0.485438 0.516317 0.0129372 0.0539137 734
2 0.535744 0.494427 0.0618291 0.063242 827
2 0.529648 0.411351 0.035056 0.0215676 831
2 0.55116 0.422857 0.0509867 0.0286784 850
2 0.405437 0.450538 0.0321025 0.0344614 861
2 0.453944 0.41235 0.0230322 0.017626 869
2 0.393764 0.406387 0.0216647 0.0177775 871
2 0.425244 0.439509 0.0264256 0.0284288 874
2 0.286769 0.429285 0.013887 0.0180596 876
2 0.0743817 0.530354 0.0559297 0.0477391 745
2 0.875759 0.605238 0.142689 0.125507 747
