2 0.296212 0.523054 0.0681685 0.0573075 647
2 0.2064 0.569408 0.0909914 0.0589771 650
2 0.468954 0.695046 0.151892 0.121475 649
2 0.760496 0.482716 0.0762925 0.0449041 648
2 0.655537 0.459664 0.0522062 0.0335251 665
2 0.944439 0.511707 0.107207 0.0627037 654
2 0.330751 0.535352 0.0760078 0.0623844 667
0 0.46876 0.53455 0.0147036 0.0604136 723
2 0.205695 0.734132 0.239625 0.180396 757
0 0.484833 0.515396 0.012368 0.0526836 734
2 0.589216 0.515466 0.0740187 0.0739953 827
2 0.506665 0.407911 0.0311977 0.019831 831
2 0.525002 0.418907 0.04527 0.0265678 850
2 0.425305 0.45675 0.0363023 0.0386858 861
2 0.438755 0.410114 0.0213847 0.0165241 869
2 0.383123 0.405248 0.0193777 0.0160994 871
2 0.449379 0.445265 0.0302282 0.0324125 874
2 0.287344 0.430793 0.0145421 0.0189743 876
2 0.83056 0.471434 0.0842233 0.042672 882
