2 0.296153 0.523426 0.0675826 0.0568234 647
2 0.206598 0.569678 0.0908699 0.0588899 650
2 0.469098 0.695344 0.151619 0.121153 649
2 0.761055 0.482836 0.0757015 0.0446184 648
2 0.655707 0.460849 0.0571791 0.0373371 665
2 0.944951 0.512164 0.106009 0.0621298 654
2 0.330987 0.535652 0.0762229 0.062549 667
0 0.468915 0.534806 0.0147161 0.060219 723
2 0.204016 0.734736 0.2391 0.180426 757
0 0.484736 0.515771 0.0124691 0.052776 734
2 0.56185 0.504444 0.0671662 0.0677925 827
2 0.517813 0.40939 0.0329911 0.0206467 831
2 0.537427 0.420661 0.0489621 0.0281528 850
2 0.414649 0.453568 0.0340307 0.0364227 861
2 0.44601 0.411202 0.0223258 0.0171605 869
2 0.388174 0.405943 0.0202504 0.0167069 871
2 0.436703 0.441997 0.0287865 0.0309556 874
2 0.287124 0.430053 0.0141111 0.0183605 876
2 0.0482424 0.539987 0.0605892 0.0504201 745
2 0.859817 0.476517 0.0847998 0.042843 882
2 0.916628 0.61822 0.14126 0.125553 747
2 0.639916 0.497205 0.0708894 0.0671702 774
