2 0.295093 0.522707 0.0658496 0.0559516 647
2 0.206487 0.564808 0.0878821 0.0521038 650
2 0.468641 0.694499 0.151927 0.121974 649
2 0.761205 0.482052 0.0763278 0.0448951 648
2 0.655961 0.459949 0.057088 0.0370762 665
2 0.944939 0.512173 0.108655 0.0621962 654
2 0.330669 0.534412 0.0758061 0.062337 667
0 0.468188 0.533665 0.013251 0.0598681 723
2 0.240386 0.724105 0.235205 0.176098 757
0 0.485236 0.514848 0.0113506 0.0525847 734
2 0.410325 0.402427 0.0206367 0.0164581 850
2 0.23073 0.463767 0.0295847 0.0324334 876
2 0.517589 0.418377 0.0359738 0.0225915 882
2 0.223132 0.59896 0.0769791 0.0728988 889
2 0.548727 0.501837 0.0673301 0.0683764 894
2 0.640256 0.433773 0.0461656 0.0277523 904
2 0.427176 0.458378 0.0324009 0.0329456 910
2 0.396638 0.431684 0.026463 0.0231642 913
2 0.359746 0.431039 0.0231538 0.0263342 916
2 0.870552 0.475524 0.138298 0.0484208 925
