2 0.296389 0.523425 0.066002 0.0559953 647
2 0.207788 0.568647 0.0906771 0.0586945 650
2 0.469671 0.695486 0.15115 0.121231 649
2 0.762122 0.484045 0.0772528 0.0453403 648
2 0.656971 0.461878 0.0573752 0.0367802 665
2 0.945625 0.514394 0.11038 0.0635477 654
2 0.331907 0.535291 0.0755565 0.0620119 667
0 0.469278 0.534912 0.0135907 0.0600017 723
2 0.2421 0.725151 0.236015 0.176776 757
0 0.48614 0.516394 0.0119159 0.0536665 734
2 0.44755 0.409392 0.0265825 0.0189009 850
2 0.619051 0.525093 0.0808868 0.0794507 861
2 0.355462 0.400409 0.0147833 0.0132147 871
2 0.277565 0.442776 0.0196014 0.0252063 876
2 0.612374 0.434062 0.0502118 0.0280202 882
2 0.126746 0.648068 0.0730957 0.0871598 889
2 0.415236 0.454997 0.0357418 0.0382515 894
2 0.826478 0.472908 0.0764365 0.0444492 904
2 0.708433 0.518395 0.075838 0.0689817 774
