2 0.294324 0.522771 0.0656594 0.0557635 647
2 0.206245 0.565967 0.0919845 0.054747 650
2 0.468477 0.694266 0.152071 0.122162 649
2 0.760834 0.48171 0.0768321 0.0452782 648
2 0.655639 0.459687 0.056795 0.0368745 665
2 0.944731 0.51203 0.109644 0.0627317 654
2 0.330551 0.534255 0.0756234 0.0621679 667
0 0.467798 0.533352 0.0132259 0.0597957 723
2 0.240134 0.723911 0.236613 0.177301 757
0 0.485107 0.514571 0.0113269 0.0528579 734
2 0.406139 0.401531 0.0198486 0.0160162 850
2 0.219178 0.467815 0.0315273 0.0336034 876
2 0.507169 0.416835 0.0339622 0.0216922 882
2 0.229048 0.595209 0.0781525 0.0726286 889
2 0.582694 0.514599 0.0749505 0.0750824 894
2 0.619702 0.43164 0.047461 0.0288243 904
2 0.440803 0.46297 0.0353349 0.0355541 910
2 0.404001 0.433858 0.0277071 0.0241894 913
2 0.365508 0.433084 0.0245801 0.0279086 916
2 0.83233 0.47012 0.138918 0.0492399 925
