2 0.294651 0.522784 0.0660217 0.0563577 647
2 0.204941 0.562882 0.0793618 0.0477391 650
2 0.468299 0.694951 0.151863 0.121846 649
2 0.760469 0.482993 0.0757463 0.0445238 648
2 0.655391 0.460663 0.0571948 0.0370145 665
2 0.944476 0.512808 0.108964 0.062465 654
2 0.330285 0.534762 0.0759289 0.0623984 667
0 0.4676 0.534306 0.0132925 0.0597918 723
2 0.240123 0.725351 0.23641 0.177127 757
0 0.484043 0.515736 0.0112654 0.0524448 734
2 0.418512 0.403766 0.0226207 0.0175432 850
2 0.248026 0.45634 0.0260893 0.0300002 876
2 0.540302 0.421968 0.0401991 0.0244089 882
2 0.205366 0.607756 0.0752633 0.0749845 889
2 0.49429 0.483106 0.0533456 0.0551293 894
2 0.679125 0.442799 0.0582369 0.0342823 904
2 0.402897 0.451227 0.0279368 0.02885 910
2 0.381833 0.427552 0.0238062 0.0209071 913
2 0.348798 0.427966 0.0214338 0.0244811 916
2 0.942383 0.620904 0.110039 0.104798 769
