2 0.294844 0.522339 0.065776 0.0557726 647
2 0.209276 0.566615 0.0959156 0.0570503 650
2 0.468663 0.693845 0.15167 0.121836 649
2 0.761115 0.481613 0.0763959 0.0450318 648
2 0.655766 0.459525 0.0570864 0.0370819 665
2 0.944848 0.512095 0.109149 0.0623743 654
2 0.330819 0.533834 0.0756868 0.0622132 667
0 0.46825 0.533204 0.0132966 0.0601405 723
2 0.239994 0.723536 0.235393 0.176284 757
0 0.485452 0.514509 0.0113928 0.0533388 734
2 0.402812 0.400697 0.0191089 0.0155975 850
2 0.206944 0.47235 0.0338571 0.0350724 876
2 0.499358 0.41535 0.0322823 0.0212646 882
2 0.234767 0.591744 0.0790143 0.0722135 889
2 0.624653 0.529598 0.0856321 0.0842352 894
2 0.602757 0.428654 0.0464967 0.0285091 904
2 0.456679 0.46795 0.0390426 0.0389077 910
2 0.412772 0.435811 0.0297645 0.0259697 913
2 0.372305 0.435039 0.0256825 0.0290507 916
2 0.79329 0.462421 0.134511 0.0484276 925
