2 0.296662 0.521897 0.067316 0.05668 647
2 0.199182 0.567841 0.0866117 0.0569976 650
2 0.469311 0.693969 0.150949 0.121056 649
2 0.762177 0.482027 0.0766043 0.0453651 648
2 0.656536 0.459811 0.057773 0.0374088 665
2 0.945223 0.512616 0.108475 0.0622498 654
2 0.331433 0.533925 0.0757745 0.0622581 667
0 0.46913 0.533096 0.0130392 0.0597806 723
2 0.240656 0.724645 0.237065 0.177981 757
0 0.48652 0.51472 0.0115105 0.0535893 734
2 0.427067 0.406377 0.0221748 0.0169609 882
2 0.251684 0.582147 0.0841364 0.070739 889
2 0.486564 0.411721 0.029199 0.0209265 904
2 0.597295 0.489028 0.0639502 0.0511113 913
2 0.51328 0.481959 0.0583295 0.0611778 916
2 0.380691 0.440962 0.0247208 0.0270399 934
2 0.537017 0.411545 0.0211022 0.0209455 938
2 0.901296 0.619514 0.123836 0.105268 861
2 0.565484 0.423611 0.0665706 0.0300471 925
