2 0.296008 0.52171 0.0676133 0.0566227 647
2 0.201551 0.567517 0.0848664 0.0578308 650
2 0.469153 0.693869 0.151226 0.121017 649
2 0.762152 0.481838 0.0774854 0.0461116 648
2 0.656337 0.459567 0.0582353 0.038197 665
2 0.945395 0.512663 0.109637 0.0632007 654
2 0.33126 0.533898 0.0759047 0.0624909 667
0 0.468856 0.533485 0.0129742 0.0596813 723
2 0.240494 0.723435 0.234916 0.176536 757
0 0.485352 0.514675 0.011106 0.0513435 734
2 0.398022 0.401932 0.0172865 0.0144523 882
2 0.25003 0.582729 0.0859945 0.0707356 889
2 0.435448 0.405792 0.0219711 0.0170613 904
2 0.468814 0.469961 0.0419477 0.0444911 934
2 0.473876 0.402567 0.0167653 0.0156675 938
2 0.486229 0.412048 0.0425277 0.024781 925
2 0.914975 0.614513 0.156216 0.13385 894
