2 0.296025 0.522056 0.0673013 0.0563237 647
2 0.200611 0.567762 0.0832105 0.0572545 650
2 0.469211 0.694129 0.151511 0.121267 649
2 0.761825 0.482593 0.0764577 0.0453802 648
2 0.656599 0.460117 0.0566345 0.0371962 665
2 0.945276 0.512815 0.109296 0.0629853 654
2 0.331441 0.534046 0.0758409 0.062449 667
0 0.469008 0.533523 0.0129863 0.0598917 723
2 0.240448 0.723564 0.233504 0.175211 757
0 0.485889 0.514907 0.011604 0.052723 734
2 0.249987 0.583189 0.0864946 0.0708949 889
2 0.424546 0.404203 0.0212784 0.0169011 904
2 0.460275 0.400387 0.0164682 0.0153312 938
2 0.467488 0.410112 0.0374146 0.0231345 925
2 0.524607 0.488951 0.0694233 0.0569633 679
