2 0.296052 0.522233 0.0666716 0.0559202 647
2 0.205352 0.567665 0.0888392 0.05893 650
2 0.469237 0.69396 0.150943 0.120915 649
2 0.762196 0.482126 0.0766527 0.04548 648
2 0.656808 0.460107 0.0568045 0.0370368 665
2 0.944244 0.512241 0.111836 0.0642137 654
2 0.331534 0.534032 0.0759687 0.0624617 667
0 0.46942 0.533351 0.0130895 0.0598822 723
2 0.240682 0.723877 0.236525 0.177749 757
0 0.486047 0.514648 0.011689 0.0536092 734
2 0.412773 0.404753 0.019471 0.01539 882
2 0.250805 0.582468 0.0852904 0.070927 889
2 0.461275 0.409127 0.0254703 0.0189516 904
2 0.409084 0.450092 0.0301967 0.0328034 934
2 0.50655 0.407694 0.0190461 0.018235 938
2 0.525992 0.417719 0.0547581 0.0274751 925
2 0.748468 0.532156 0.0833115 0.0698016 910
2 0.638472 0.520621 0.101601 0.0812386 742
