2 0.296291 0.521902 0.0666477 0.0557868 647
2 0.201599 0.56752 0.0860802 0.0584843 650
2 0.469488 0.693632 0.150508 0.120429 649
2 0.762278 0.481821 0.0764098 0.0454586 648
2 0.656821 0.459854 0.0569325 0.037214 665
2 0.945688 0.511735 0.110973 0.0640102 654
2 0.331742 0.533709 0.0759747 0.0625456 667
0 0.469164 0.533316 0.0130199 0.0599055 723
2 0.240807 0.723582 0.234125 0.175932 757
0 0.485839 0.513706 0.0112797 0.0519506 734
2 0.401415 0.40245 0.0183332 0.0151206 882
2 0.250647 0.582504 0.085848 0.0707853 889
2 0.441505 0.40634 0.0227295 0.0174483 904
2 0.451211 0.463546 0.0382388 0.0407881 934
2 0.481784 0.403791 0.0165943 0.0156151 938
2 0.498049 0.41317 0.0442176 0.0249986 925
2 0.956074 0.584803 0.0993009 0.075501 774
2 0.811085 0.576837 0.139934 0.113739 910
