2 0.296087 0.52306 0.0668844 0.0558935 647
2 0.198541 0.568786 0.0815989 0.0584734 650
2 0.469568 0.694839 0.15192 0.121865 649
2 0.762386 0.482508 0.0763418 0.0453086 648
2 0.656578 0.460873 0.0554801 0.0360312 665
2 0.945333 0.511555 0.109912 0.0634 654
2 0.33153 0.53466 0.0757137 0.0624289 667
0 0.469337 0.534109 0.0130782 0.0600033 723
2 0.240651 0.724014 0.23424 0.175148 757
0 0.485362 0.515275 0.011362 0.0532706 734
2 0.250014 0.583841 0.0875881 0.0714621 889
2 0.433536 0.406203 0.0304126 0.0216135 925
2 0.425573 0.456215 0.0332458 0.0357075 959
2 0.394239 0.432192 0.0257358 0.0267607 962
2 0.617651 0.43376 0.0452394 0.0336066 935
2 0.768505 0.572444 0.121502 0.0970333 913
2 0.643889 0.51065 0.0762337 0.0602854 742
