2 0.293922 0.523339 0.0665158 0.0561382 647
2 0.198363 0.569034 0.0787037 0.0583512 650
2 0.46785 0.694454 0.150696 0.12097 649
2 0.758738 0.481957 0.0771091 0.0451582 648
2 0.655093 0.460016 0.0567031 0.0367842 665
2 0.943875 0.512217 0.109991 0.0625971 654
2 0.329743 0.534649 0.0753873 0.0622426 667
0 0.467633 0.53397 0.0133299 0.0601345 723
2 0.238944 0.725485 0.237028 0.177918 757
0 0.484042 0.514911 0.0108613 0.0527991 734
2 0.247397 0.58436 0.0884075 0.0711596 889
2 0.365545 0.39992 0.0169688 0.0155722 925
2 0.388275 0.44337 0.0271082 0.0316856 985
2 0.5319 0.420042 0.0389502 0.0261175 1003
2 0.323552 0.419417 0.0199466 0.0221838 1005
