2 0.294661 0.524778 0.0669472 0.0566051 647
2 0.196971 0.571 0.0785405 0.0589342 650
2 0.468075 0.696299 0.151784 0.121944 649
2 0.759525 0.483189 0.0763524 0.0451022 648
2 0.6549 0.461905 0.05556 0.0358703 665
2 0.944127 0.512741 0.108739 0.062254 654
2 0.329914 0.536967 0.075651 0.0624729 667
0 0.467449 0.53615 0.0132133 0.0602292 723
2 0.238885 0.727359 0.236135 0.176787 757
0 0.483058 0.516841 0.0110698 0.053395 734
2 0.247728 0.586912 0.0867443 0.0699705 889
2 0.386465 0.403082 0.0223963 0.0190338 925
2 0.5122 0.466853 0.0479289 0.047289 962
2 0.348812 0.431774 0.0184669 0.021655 985
2 0.620552 0.436953 0.0407184 0.0301625 935
