2 0.293931 0.523717 0.0671207 0.0569937 647
2 0.200083 0.569944 0.0791476 0.0581929 650
2 0.467954 0.695289 0.151307 0.121478 649
2 0.760017 0.48226 0.0755821 0.0446463 648
2 0.65481 0.460562 0.0559529 0.0362653 665
2 0.9439 0.509663 0.112995 0.0651217 654
2 0.329627 0.53564 0.075869 0.0626047 667
0 0.467589 0.534857 0.013201 0.0602026 723
2 0.238704 0.726254 0.236653 0.177139 757
0 0.483832 0.515924 0.0112915 0.053714 734
2 0.247475 0.585465 0.0872722 0.0707149 889
2 0.399639 0.403079 0.023566 0.0194162 925
2 0.54792 0.499458 0.0583928 0.0600531 959
2 0.456942 0.4503 0.0369936 0.0375058 962
2 0.69321 0.445914 0.060106 0.036315 933
