2 0.294828 0.523708 0.0675399 0.0571044 647
2 0.197016 0.570299 0.0781721 0.0590624 650
2 0.468179 0.695482 0.151816 0.122037 649
2 0.759834 0.482802 0.0762065 0.0449844 648
2 0.655104 0.461275 0.0557983 0.0359621 665
2 0.944203 0.512383 0.109325 0.0625007 654
2 0.330044 0.536032 0.0758004 0.062619 667
0 0.467867 0.535215 0.0132965 0.0603663 723
2 0.239283 0.726637 0.236345 0.177001 757
0 0.48339 0.516079 0.011118 0.0534969 734
2 0.247837 0.585941 0.0871829 0.0702865 889
2 0.382082 0.403303 0.0192695 0.0164696 925
2 0.536253 0.473031 0.0528663 0.0515687 962
2 0.354157 0.431632 0.0190864 0.0223456 985
2 0.610681 0.433493 0.0426644 0.0308751 935
2 0.765519 0.455196 0.0830534 0.0379975 979
