2 0.29439 0.523305 0.0668155 0.056454 647
2 0.201091 0.568993 0.0778785 0.0578946 650
2 0.468078 0.6945 0.150869 0.121166 649
2 0.759707 0.482197 0.0759751 0.0446569 648
2 0.654796 0.460496 0.0558306 0.035996 665
2 0.944106 0.512218 0.109994 0.0626899 654
2 0.329916 0.534787 0.0753822 0.0622468 667
0 0.4676 0.534059 0.0132494 0.0601071 723
2 0.2389 0.725352 0.238058 0.178588 757
0 0.483892 0.515388 0.0107828 0.052681 734
2 0.24756 0.584904 0.087428 0.0703276 889
2 0.371781 0.400815 0.0178327 0.0159596 925
2 0.372333 0.437551 0.0236229 0.0276879 985
2 0.559929 0.423815 0.0419376 0.0280108 1003
2 0.318384 0.417621 0.0177165 0.0196314 1005
2 0.690805 0.444749 0.059425 0.03757 933
2 0.650435 0.507902 0.0728776 0.0703185 934
