2 0.295931 0.522522 0.066869 0.0565557 647
2 0.198153 0.568447 0.0761875 0.0586125 650
2 0.469074 0.694718 0.151563 0.12172 649
2 0.761816 0.482763 0.077245 0.0456424 648
2 0.656497 0.461126 0.0565236 0.0368888 665
2 0.945289 0.513366 0.109892 0.0623595 654
2 0.331142 0.534685 0.0757415 0.0624878 667
0 0.468951 0.53419 0.0131952 0.0598054 723
2 0.240289 0.724604 0.235062 0.176309 757
0 0.485489 0.514937 0.0107877 0.0518135 734
2 0.249027 0.583795 0.088251 0.0713024 889
2 0.436936 0.407633 0.0242513 0.0176697 1003
2 0.370498 0.435415 0.02888 0.0321556 1005
2 0.375881 0.402244 0.017599 0.015791 1016
2 0.403272 0.431586 0.0249543 0.0251712 1041
2 0.613011 0.524847 0.0907323 0.0768462 742
2 0.493382 0.414949 0.0336583 0.0236326 1026
