2 0.293864 0.522339 0.0667658 0.0564401 647
2 0.197533 0.568345 0.0773317 0.0580831 650
2 0.46821 0.693735 0.151136 0.121322 649
2 0.760195 0.481033 0.0775037 0.0455761 648
2 0.655558 0.459212 0.0561063 0.0363517 665
2 0.944281 0.511029 0.109531 0.062134 654
2 0.329897 0.534012 0.0753147 0.0621526 667
0 0.467665 0.532886 0.013098 0.0597157 723
2 0.238957 0.724598 0.235649 0.176697 757
0 0.48399 0.51472 0.0109388 0.0531576 734
2 0.247712 0.583754 0.0885351 0.0713454 889
2 0.360479 0.397956 0.018004 0.015995 925
2 0.421349 0.454213 0.0331167 0.0382826 985
2 0.496954 0.414037 0.0340736 0.0233595 1003
2 0.333813 0.422688 0.0216898 0.0242717 1005
2 0.40981 0.405586 0.0216545 0.0188145 1016
