2 0.296548 0.523455 0.0668225 0.0564434 647
2 0.198763 0.569179 0.0757929 0.0585267 650
2 0.469563 0.695297 0.151429 0.121617 649
2 0.762178 0.482624 0.0774504 0.045867 648
2 0.6568 0.461018 0.0569696 0.0372203 665
2 0.945261 0.512127 0.109153 0.0619561 654
2 0.331734 0.535342 0.0758928 0.0626218 667
0 0.469383 0.534587 0.0131744 0.0596746 723
2 0.240987 0.725584 0.236064 0.177242 757
0 0.485552 0.515635 0.0109918 0.0533273 734
2 0.249702 0.584505 0.0882974 0.0714119 889
2 0.430223 0.407145 0.0232063 0.0170104 1003
2 0.378297 0.438597 0.0307119 0.0340763 1005
2 0.372336 0.402723 0.016764 0.0151286 1016
2 0.413643 0.435887 0.0276576 0.0279244 1041
2 0.483988 0.414105 0.0315538 0.0222798 1026
