2 0.294172 0.523451 0.0662813 0.0558321 647
2 0.196958 0.569105 0.0745018 0.0582277 650
2 0.468253 0.694653 0.151381 0.121495 649
2 0.760367 0.482593 0.0767918 0.0452255 648
2 0.655385 0.460756 0.0570571 0.0371053 665
2 0.944196 0.512826 0.11073 0.0627778 654
2 0.330071 0.534839 0.0756573 0.0625108 667
0 0.468017 0.534411 0.0132728 0.060133 723
2 0.23923 0.725378 0.237623 0.178348 757
0 0.483648 0.515584 0.0106586 0.0531997 734
2 0.247766 0.584062 0.0884181 0.0714506 889
2 0.394017 0.400877 0.0187318 0.0147676 1003
2 0.45815 0.465536 0.0524682 0.055093 1005
2 0.523807 0.465381 0.0474786 0.0471961 1041
2 0.428785 0.407413 0.0240942 0.0183225 1026
2 0.366586 0.437632 0.0235071 0.0245088 1062
2 0.336026 0.426468 0.0151242 0.0169456 1051
2 0.623624 0.434281 0.0372134 0.0259952 935
