2 0.29289 0.524282 0.0664154 0.0564305 647
2 0.196805 0.570128 0.0758169 0.0586909 650
2 0.46814 0.695355 0.151019 0.121221 649
2 0.759701 0.481948 0.0761988 0.0450627 648
2 0.654835 0.460442 0.0560789 0.0365243 665
2 0.943654 0.511651 0.110302 0.0626035 654
2 0.330107 0.535698 0.0760387 0.0627872 667
0 0.467672 0.534742 0.0131667 0.0596975 723
2 0.239087 0.726556 0.235895 0.177058 757
0 0.484131 0.515332 0.0110428 0.053223 734
2 0.24753 0.584855 0.087773 0.0709974 889
2 0.422271 0.406179 0.0230139 0.0170737 1003
2 0.38469 0.441373 0.0328941 0.0363103 1005
2 0.366871 0.402761 0.0166489 0.015146 1016
2 0.422384 0.438828 0.0295029 0.0297933 1041
2 0.472584 0.412708 0.0297793 0.0211943 1026
2 0.777088 0.460245 0.0764498 0.035894 979
2 0.61698 0.503794 0.0787805 0.0670559 742
