2 0.295656 0.52337 0.0669139 0.0562863 647
2 0.19873 0.5686 0.0740427 0.05789 650
2 0.468942 0.694778 0.150576 0.120682 649
2 0.761157 0.482915 0.0770991 0.0454036 648
2 0.655922 0.460416 0.054324 0.0351542 665
2 0.944922 0.513498 0.109612 0.0621013 654
2 0.330988 0.534921 0.0756946 0.0625485 667
0 0.468693 0.534456 0.0132238 0.0599503 723
2 0.240453 0.724878 0.235439 0.176824 757
0 0.484662 0.515612 0.0107041 0.0525597 734
2 0.248813 0.58474 0.0871185 0.0701051 889
2 0.40839 0.403849 0.0210331 0.0167304 1026
2 0.401687 0.449905 0.0291422 0.0304925 1062
2 0.355679 0.433338 0.018811 0.0203089 1051
