2 0.295172 0.523212 0.0674897 0.0567053 647
2 0.19879 0.569173 0.0749659 0.0582899 650
2 0.468553 0.694803 0.151586 0.121518 649
2 0.760692 0.482433 0.0770701 0.0453543 648
2 0.64738 0.459275 0.0552725 0.0359198 665
2 0.94462 0.512622 0.11054 0.0625873 654
2 0.330523 0.5351 0.0756825 0.0624872 667
0 0.468472 0.534528 0.0133272 0.0601899 723
2 0.240115 0.725046 0.235193 0.176172 757
2 0.248178 0.584774 0.0881111 0.0709432 889
2 0.388044 0.400105 0.0183117 0.0155151 1026
2 0.472812 0.474213 0.0430186 0.0447928 1062
2 0.392193 0.446485 0.0259394 0.0267759 1051
2 0.501627 0.414396 0.0281545 0.0185764 1076
2 0.598852 0.493858 0.0478746 0.0484755 985
