2 0.29503 0.523122 0.0674057 0.0565615 647
2 0.197598 0.569113 0.0752623 0.0588016 650
2 0.468309 0.695059 0.1517 0.12168 649
2 0.760306 0.482804 0.0770347 0.0453814 648
2 0.639773 0.45769 0.0483501 0.0309666 665
2 0.944456 0.51291 0.110582 0.062543 654
2 0.330274 0.535096 0.0755365 0.0623638 667
0 0.468146 0.534641 0.0133648 0.0604888 723
2 0.239636 0.725242 0.235723 0.176499 757
2 0.248036 0.584934 0.0879446 0.0707587 889
2 0.519572 0.491031 0.0522247 0.0540957 1062
2 0.413158 0.453596 0.0299669 0.0302606 1051
2 0.478978 0.411199 0.0256476 0.0172294 1076
0 0.484232 0.515577 0.0107805 0.0527848 734
