2 0.295535 0.523725 0.0674112 0.0566135 647
2 0.197795 0.56941 0.0749777 0.0589858 650
2 0.468829 0.69532 0.151219 0.121186 649
2 0.760806 0.482868 0.0775435 0.0456275 648
2 0.653615 0.46029 0.0574733 0.037487 665
2 0.94481 0.513272 0.109518 0.062008 654
2 0.330895 0.53551 0.0758338 0.0626316 667
0 0.468824 0.535012 0.0133204 0.0602362 723
2 0.240484 0.725204 0.234692 0.17596 757
0 0.48441 0.516036 0.0108246 0.0538814 734
2 0.24856 0.58524 0.0875604 0.0704508 889
2 0.395254 0.402678 0.018773 0.0154969 1026
2 0.439134 0.462861 0.0364287 0.0379851 1062
2 0.375682 0.441023 0.0227317 0.0239128 1051
2 0.52375 0.418609 0.0306123 0.019948 1076
2 0.529528 0.473 0.0412537 0.0398781 1005
2 0.90754 0.570137 0.120616 0.0978795 934
