2 0.295555 0.523695 0.0674094 0.0565005 647
2 0.197645 0.56943 0.0760759 0.0584685 650
2 0.468713 0.695376 0.151237 0.12136 649
2 0.759721 0.482697 0.0768956 0.0453702 648
2 0.610242 0.453661 0.0491446 0.032287 665
2 0.944341 0.511997 0.111138 0.0632566 654
2 0.330783 0.535431 0.0757776 0.0625459 667
0 0.468281 0.534995 0.013228 0.0601112 723
2 0.239943 0.725552 0.23614 0.177293 757
2 0.248522 0.584984 0.0884371 0.071199 889
2 0.521989 0.493578 0.0527511 0.0491968 1051
2 0.43404 0.404584 0.020387 0.0144651 1076
2 0.369449 0.438236 0.0231461 0.0243778 1091
2 0.704479 0.448715 0.053835 0.0317664 933
0 0.484803 0.515105 0.0107763 0.0525502 734
