2 0.295011 0.52296 0.0681397 0.057167 647
2 0.199368 0.569071 0.0764202 0.0589128 650
2 0.468133 0.693626 0.150761 0.120416 649
2 0.735711 0.478173 0.0721254 0.0426893 648
2 0.587393 0.450135 0.0455583 0.029538 665
2 0.943121 0.512572 0.110738 0.062769 654
2 0.33021 0.535057 0.0755925 0.062459 667
0 0.467316 0.534683 0.0133975 0.0603216 723
2 0.239144 0.725405 0.23597 0.177464 757
2 0.247827 0.585093 0.0877424 0.0704205 889
2 0.397624 0.398003 0.0148653 0.0116197 1076
2 0.448541 0.465059 0.0372171 0.037067 1091
0 0.484181 0.515386 0.0107743 0.0534611 734
2 0.419434 0.440243 0.0294539 0.026891 1104
2 0.358736 0.421697 0.0163776 0.0172323 1105
