2 0.294303 0.523016 0.0672232 0.0563894 647
2 0.197868 0.569072 0.0752982 0.0582786 650
2 0.467991 0.693986 0.151307 0.12093 649
2 0.740228 0.478732 0.0729417 0.0432476 648
2 0.589424 0.450157 0.0462836 0.0301831 665
2 0.944052 0.512409 0.110812 0.0628038 654
2 0.32999 0.534923 0.0755343 0.0624243 667
0 0.46742 0.534415 0.0134892 0.0605312 723
2 0.238748 0.725417 0.23626 0.177667 757
2 0.247721 0.584718 0.0882657 0.0708929 889
2 0.401601 0.398428 0.0156293 0.0120444 1076
2 0.432563 0.459599 0.0336976 0.0339791 1091
0 0.484074 0.514984 0.0106581 0.0527868 734
2 0.409627 0.437369 0.0282066 0.0258453 1104
2 0.354169 0.419848 0.0156035 0.0164868 1105
