2 0.292508 0.523824 0.0656021 0.0557856 647
2 0.201586 0.569003 0.0784743 0.0578787 650
2 0.469524 0.69522 0.151635 0.121237 649
2 0.700455 0.471848 0.0674173 0.0405881 648
2 0.580333 0.448787 0.0469332 0.0303142 665
2 0.911868 0.505958 0.108395 0.0615106 654
2 0.331618 0.535157 0.0757833 0.0625552 667
0 0.469972 0.533158 0.0133873 0.0602889 723
2 0.240947 0.725072 0.234587 0.176154 757
2 0.249591 0.585121 0.0878847 0.0706091 889
0 0.486038 0.515842 0.0111552 0.0542943 734
2 0.41965 0.436837 0.0238606 0.0236146 1105
2 0.412761 0.450965 0.0330615 0.0368139 1114
2 0.351239 0.431179 0.0189401 0.0205431 1119
2 0.561418 0.479515 0.0536207 0.0454276 1104
2 0.871051 0.609129 0.118896 0.10043 1062
