2 0.296766 0.522374 0.0668073 0.056726 647
2 0.199487 0.568165 0.0765153 0.0587851 650
2 0.469913 0.694519 0.151576 0.121449 649
2 0.646784 0.461265 0.0578681 0.0369315 648
2 0.517759 0.440096 0.0397441 0.0266714 665
2 0.837333 0.491693 0.0971739 0.0562729 654
2 0.33199 0.534286 0.0755167 0.0624097 667
0 0.469891 0.533868 0.0132469 0.0598308 723
2 0.24103 0.723892 0.23457 0.175974 757
2 0.249829 0.583429 0.0887803 0.0716098 889
0 0.485913 0.514805 0.010695 0.0533599 734
2 0.483755 0.453541 0.03686 0.0383347 1128
2 0.629117 0.500679 0.0705383 0.054782 1138
2 0.505228 0.416888 0.0334699 0.0222517 1149
2 0.986965 0.525317 0.0340992 0.0520126 1122
2 0.897874 0.610954 0.146924 0.116518 1104
