2 0.293876 0.523427 0.0665522 0.0570954 647
2 0.197408 0.569361 0.0761371 0.0585471 650
2 0.468588 0.695235 0.151523 0.121526 649
2 0.684414 0.468773 0.0644362 0.0397825 648
2 0.55898 0.444752 0.0447013 0.0300427 665
2 0.856054 0.49429 0.101056 0.0581398 654
2 0.330442 0.535315 0.0757472 0.0626474 667
0 0.468884 0.534447 0.0132505 0.0601164 723
2 0.239747 0.725508 0.236088 0.177354 757
2 0.248271 0.585367 0.0876495 0.07018 889
0 0.48446 0.515384 0.0109071 0.052813 734
2 0.454854 0.464161 0.0402379 0.0433948 1119
2 0.378999 0.427354 0.0216204 0.0237112 1128
2 0.637887 0.437051 0.0451213 0.0298546 935
2 0.989922 0.506958 0.0242265 0.030498 1122
