2 0.295337 0.522871 0.0665317 0.0572214 647
2 0.1969 0.569057 0.0756174 0.0588997 650
2 0.468185 0.694262 0.151057 0.120882 649
2 0.670897 0.465774 0.0615884 0.0392526 648
2 0.545264 0.442677 0.0419691 0.028346 665
2 0.847962 0.493526 0.0972629 0.055969 654
2 0.330103 0.534888 0.0757889 0.0627565 667
0 0.4686 0.534351 0.0133595 0.0603023 723
2 0.239191 0.725336 0.236155 0.177399 757
2 0.247772 0.584154 0.0894958 0.0718445 889
0 0.484161 0.515589 0.0109847 0.0528469 734
2 0.554761 0.499603 0.0606633 0.0633287 1119
2 0.413014 0.436477 0.0266963 0.0288246 1128
2 0.495426 0.460825 0.0467263 0.0374437 1138
2 0.958105 0.628515 0.128881 0.112443 985
