2 0.296005 0.522981 0.06563 0.0558891 647
2 0.203032 0.568112 0.075814 0.0576385 650
2 0.46921 0.694638 0.151633 0.121386 649
2 0.656427 0.46373 0.0597551 0.0381731 648
2 0.531735 0.44118 0.040885 0.0275775 665
2 0.843156 0.493544 0.0982898 0.0567408 654
2 0.331313 0.534639 0.0756134 0.0625631 667
0 0.469386 0.534144 0.0132929 0.0599657 723
2 0.240511 0.724601 0.235226 0.176617 757
2 0.249102 0.583769 0.0889434 0.0715331 889
0 0.485417 0.515376 0.0109845 0.0540389 734
2 0.451281 0.445296 0.0332218 0.0351137 1128
2 0.564685 0.481841 0.058701 0.0464596 1138
2 0.525964 0.419524 0.0335607 0.0220224 1149
2 0.99007 0.525465 0.0340781 0.0489661 1122
