2 0.294013 0.523174 0.0660219 0.0569181 647
2 0.196701 0.569256 0.0760211 0.0590488 650
2 0.467734 0.69359 0.149966 0.119959 649
2 0.677283 0.466323 0.0624123 0.0397239 648
2 0.548523 0.443369 0.0420862 0.0283988 665
2 0.848762 0.493129 0.0993001 0.0572012 654
2 0.329799 0.535103 0.0759631 0.0628903 667
0 0.468023 0.534488 0.0132814 0.0600475 723
2 0.238954 0.725738 0.236018 0.177287 757
2 0.247423 0.585141 0.0882907 0.070724 889
0 0.483647 0.515861 0.0109927 0.0524519 734
2 0.523032 0.488119 0.054771 0.0578246 1119
2 0.402956 0.434062 0.0246458 0.0266965 1128
2 0.477084 0.456131 0.0425337 0.0340957 1138
2 0.727258 0.525744 0.0694661 0.0636696 1114
2 0.924554 0.616913 0.162512 0.123474 985
