2 0.296661 0.522445 0.0666035 0.0566255 647
2 0.200403 0.567886 0.0765688 0.0585106 650
2 0.469677 0.694571 0.151694 0.121496 649
2 0.651321 0.462004 0.0582607 0.0371431 648
2 0.525336 0.440162 0.0413714 0.0279158 665
2 0.840578 0.492485 0.097957 0.0566634 654
2 0.33184 0.534379 0.075448 0.0623928 667
0 0.469676 0.533806 0.0132817 0.0599833 723
2 0.240861 0.724109 0.234547 0.176009 757
2 0.249729 0.583469 0.0888875 0.0715946 889
0 0.485796 0.514913 0.010837 0.0537112 734
2 0.465844 0.449244 0.0354471 0.0374934 1128
2 0.594428 0.490257 0.0640482 0.0502925 1138
2 0.515402 0.418073 0.0341492 0.0224807 1149
2 0.98856 0.525717 0.0339858 0.0506579 1122
2 0.802786 0.579849 0.111394 0.0997851 1114
