2 0.29896 0.52075 0.0652294 0.0556586 647
2 0.204139 0.565773 0.0771932 0.059269 650
2 0.472204 0.691654 0.150157 0.119885 649
2 0.591368 0.450082 0.0485086 0.0321288 648
2 0.396932 0.453275 0.0458994 0.0300763 665
2 0.786368 0.480989 0.0878969 0.052146 654
2 0.335329 0.532159 0.0755172 0.0621186 667
0 0.472794 0.532165 0.0133177 0.0594598 723
2 0.24415 0.722622 0.23513 0.17672 757
2 0.253151 0.582312 0.0870005 0.0702617 889
0 0.488623 0.513852 0.0108087 0.0539377 734
2 0.415409 0.40515 0.0211573 0.0154045 1149
2 0.978418 0.518528 0.039395 0.0582278 1122
2 0.929301 0.572107 0.12879 0.0938014 1138
