2 0.299885 0.521503 0.0665418 0.0560966 647
2 0.20506 0.56652 0.0773855 0.0589131 650
2 0.472382 0.693935 0.150848 0.120745 649
2 0.610067 0.45409 0.0519618 0.0344003 648
2 0.440093 0.44687 0.04266 0.0281386 665
2 0.805916 0.485287 0.0926304 0.0546685 654
2 0.335225 0.533296 0.0751222 0.0619249 667
0 0.472538 0.533347 0.0134036 0.060121 723
2 0.243963 0.721775 0.234008 0.175618 757
2 0.253164 0.582884 0.0872009 0.0704393 889
0 0.488761 0.514743 0.0104872 0.0531173 734
2 0.439125 0.408309 0.0253915 0.0181497 1149
2 0.982328 0.523682 0.0352122 0.0541668 1122
2 0.719944 0.519789 0.0761168 0.0755673 1119
2 0.733613 0.445323 0.0595264 0.030899 979
