2 0.298344 0.520652 0.0636116 0.0554373 647
2 0.204324 0.565867 0.0776071 0.0593184 650
2 0.472302 0.69285 0.151289 0.120204 649
2 0.567334 0.446242 0.046714 0.0317804 648
2 0.240173 0.492669 0.0595326 0.0390762 665
2 0.737282 0.470886 0.080737 0.0499379 654
2 0.33526 0.532333 0.0757866 0.0621862 667
0 0.472505 0.532321 0.0134087 0.0598576 723
2 0.243984 0.721471 0.233826 0.175811 757
2 0.252952 0.582213 0.0876236 0.0709541 889
0 0.488456 0.514251 0.0114718 0.0542994 734
2 0.367725 0.398124 0.0203469 0.016809 1149
2 0.954287 0.513032 0.0638049 0.0686813 1122
