2 0.298275 0.518985 0.0677992 0.059271 647
2 0.203817 0.56623 0.0767401 0.0588701 650
2 0.472252 0.69282 0.150887 0.119975 649
2 0.571844 0.448084 0.0482115 0.0324412 648
2 0.30691 0.475151 0.0526619 0.0346734 665
2 0.754493 0.474282 0.0847582 0.0516303 654
2 0.335358 0.532777 0.075427 0.0618499 667
0 0.472414 0.532805 0.0134417 0.0603522 723
2 0.244114 0.722058 0.234287 0.176175 757
2 0.253026 0.582625 0.0874807 0.0707001 889
0 0.488528 0.514264 0.0110007 0.0528647 734
2 0.383355 0.402652 0.0178811 0.0139758 1149
2 0.966602 0.513165 0.0481895 0.0606534 1122
2 0.558337 0.415946 0.0316747 0.0198801 1162
