2 0.297952 0.520933 0.0646749 0.055411 647
2 0.203987 0.565966 0.0768721 0.0592272 650
2 0.472127 0.691327 0.149593 0.119238 649
2 0.586287 0.449141 0.0484726 0.0321191 648
2 0.380974 0.456971 0.0462148 0.0302742 665
2 0.7798 0.47968 0.0877055 0.0522601 654
2 0.335446 0.532351 0.075374 0.0619168 667
0 0.472683 0.532317 0.0133883 0.0598063 723
2 0.244292 0.72268 0.235101 0.176751 757
2 0.253151 0.582371 0.0871252 0.070361 889
0 0.488494 0.513781 0.0108657 0.0535954 734
2 0.40819 0.404483 0.0208599 0.0154044 1149
2 0.976959 0.517412 0.0407781 0.0592879 1122
2 0.964075 0.581882 0.109526 0.0844432 1138
