2 0.297963 0.520109 0.0659758 0.0556044 647
2 0.201314 0.565078 0.0759987 0.0593735 650
2 0.471138 0.691249 0.151959 0.119942 649
2 0.560107 0.444546 0.0448758 0.0309336 648
2 0.684029 0.458832 0.066468 0.0451519 654
2 0.333449 0.531302 0.0754506 0.0621705 667
0 0.471624 0.531418 0.0128613 0.0591809 723
2 0.242455 0.721506 0.234399 0.175837 757
2 0.251563 0.581182 0.0879669 0.0713504 889
0 0.487926 0.512746 0.0117875 0.0538154 734
2 0.843671 0.490169 0.105102 0.0652299 1122
2 0.417117 0.403652 0.0224385 0.0144142 1222
1 0.526596 0.55584 0.0266139 0.0442069 1248
2 0.34493 0.425726 0.016003 0.0194829 1255
2 0.374696 0.423445 0.0196829 0.018837 1259
0 0.5266 0.538728 0.0218863 0.0646957 1265
