2 0.299192 0.520125 0.0655071 0.0553301 647
2 0.201797 0.5651 0.0761522 0.0591296 650
2 0.471447 0.690857 0.151064 0.119107 649
2 0.562152 0.445718 0.0443079 0.030503 648
2 0.694353 0.463005 0.0718208 0.0463296 654
2 0.334296 0.531664 0.0758382 0.0624632 667
0 0.471812 0.532086 0.0131728 0.0593573 723
2 0.243299 0.72111 0.233494 0.175484 757
2 0.252548 0.581117 0.0867494 0.0703852 889
0 0.488311 0.513357 0.0116935 0.0536926 734
2 0.869713 0.494428 0.102447 0.0674322 1122
2 0.451176 0.409424 0.0287903 0.0167796 1222
2 0.416295 0.394004 0.0150194 0.010932 1234
1 0.57722 0.592107 0.0339733 0.0562371 1248
2 0.323445 0.41708 0.0132222 0.0165867 1255
