2 0.298744 0.519355 0.0657336 0.0552829 647
2 0.201662 0.564433 0.0755137 0.0592147 650
2 0.471507 0.690057 0.15192 0.119914 649
2 0.560187 0.443164 0.0446079 0.0307218 648
2 0.683671 0.457332 0.066769 0.0460969 654
2 0.334048 0.530561 0.0753241 0.0620691 667
0 0.47247 0.530333 0.0130245 0.0595816 723
2 0.243106 0.720603 0.23411 0.175635 757
2 0.252138 0.580163 0.0876558 0.0710988 889
0 0.488349 0.512013 0.0118929 0.0539604 734
2 0.836832 0.488175 0.103582 0.0645949 1122
2 0.413753 0.402185 0.0216333 0.014097 1222
1 0.521916 0.550701 0.0275424 0.0459573 1248
2 0.350422 0.426767 0.0167354 0.0201887 1255
2 0.382787 0.424897 0.0207176 0.0197477 1259
0 0.520894 0.53552 0.0219515 0.0651827 1265
1 0.475805 0.546071 0.0164976 0.0335794 1271
