2 0.298831 0.519865 0.0660212 0.0556797 647
2 0.2049 0.564467 0.0759454 0.0588376 650
2 0.471535 0.690411 0.15135 0.119292 649
2 0.561633 0.445043 0.0448942 0.0309845 648
2 0.687894 0.460181 0.071322 0.0469022 654
2 0.33438 0.531306 0.075292 0.0620216 667
0 0.472093 0.531465 0.0129466 0.0591638 723
2 0.24353 0.719882 0.233277 0.175097 757
2 0.252447 0.581044 0.0868115 0.0703241 889
0 0.488268 0.512989 0.0116268 0.0530735 734
2 0.855866 0.492142 0.102127 0.0646997 1122
2 0.432413 0.405885 0.0253666 0.0155984 1222
2 0.403921 0.391481 0.0131089 0.00980767 1234
1 0.548006 0.567662 0.0300836 0.0501802 1248
2 0.333527 0.420656 0.0141695 0.0175982 1255
2 0.357518 0.417713 0.0167505 0.0160698 1259
2 0.536237 0.410124 0.0283384 0.0196538 1162
