2 0.298516 0.518556 0.0669394 0.0563726 647
2 0.201193 0.563872 0.0750838 0.0591015 650
2 0.471124 0.69028 0.15228 0.120587 649
2 0.557183 0.442672 0.0441456 0.0302718 648
2 0.670345 0.455006 0.0665684 0.0468638 654
2 0.333372 0.53007 0.075796 0.0622719 667
0 0.47194 0.529778 0.0134648 0.05986 723
2 0.242304 0.719932 0.233726 0.175171 757
2 0.25144 0.580084 0.0873984 0.0711192 889
0 0.487586 0.509964 0.0112926 0.0522447 734
2 0.817134 0.483674 0.10367 0.0634349 1122
1 0.511739 0.548159 0.0243018 0.0402659 1248
2 0.419363 0.450775 0.0298808 0.0335549 1255
0 0.509211 0.533805 0.0207105 0.0704378 1265
1 0.475546 0.546417 0.0154024 0.0317268 1271
2 0.9682 0.515197 0.0319371 0.057395 1275
2 0.502226 0.459754 0.0376298 0.0362528 1156
2 0.789919 0.450311 0.055968 0.0285632 933
2 0.515556 0.408092 0.02512 0.0185109 1162
