2 0.298383 0.518786 0.0663206 0.0559697 647
2 0.201386 0.564044 0.0746165 0.0588615 650
2 0.471212 0.690856 0.152397 0.120511 649
2 0.557884 0.443195 0.0437752 0.0300692 648
2 0.674149 0.456708 0.064297 0.0455327 654
2 0.33336 0.530674 0.075323 0.0619243 667
0 0.473219 0.530614 0.0138614 0.060351 723
2 0.242313 0.72088 0.234609 0.175986 757
2 0.251478 0.58021 0.0876601 0.0711852 889
0 0.488353 0.51106 0.0117543 0.0528491 734
2 0.82588 0.485413 0.102893 0.0638348 1122
2 0.399999 0.399576 0.0191327 0.0134811 1222
1 0.511182 0.547897 0.0241262 0.040121 1248
2 0.376311 0.43633 0.0221804 0.0259264 1255
2 0.422854 0.43629 0.0275426 0.0259122 1259
0 0.508456 0.534178 0.022244 0.0698178 1265
1 0.47529 0.546351 0.0159518 0.0325356 1271
2 0.982943 0.521521 0.0225126 0.0492108 1275
