2 0.298405 0.518942 0.0666134 0.0561738 647
2 0.201016 0.564365 0.0747877 0.0591861 650
2 0.47119 0.690949 0.152411 0.120602 649
2 0.557595 0.442931 0.0440159 0.0302224 648
2 0.672648 0.456158 0.0643411 0.0454298 654
2 0.333332 0.530574 0.0753935 0.0619589 667
0 0.472456 0.530554 0.0138053 0.060293 723
2 0.242298 0.720473 0.234185 0.175648 757
2 0.251429 0.580462 0.0875268 0.0711273 889
0 0.487949 0.511001 0.0115408 0.0521179 734
2 0.824377 0.485071 0.101996 0.0628683 1122
2 0.397998 0.398687 0.0189643 0.0137618 1222
1 0.510833 0.54789 0.0238319 0.0395445 1248
2 0.385073 0.439558 0.0236265 0.0273834 1255
2 0.436811 0.440416 0.0295308 0.0275604 1259
0 0.50804 0.534337 0.0221179 0.0708752 1265
1 0.475383 0.546044 0.0161873 0.0330847 1271
2 0.978773 0.51803 0.0249287 0.0528954 1275
2 0.774846 0.459335 0.0578601 0.0313224 933
2 0.519965 0.412093 0.0335977 0.0241806 1162
