2 0.298475 0.518643 0.0671114 0.0563713 647
2 0.202171 0.56389 0.0757952 0.0591397 650
2 0.470923 0.690806 0.152579 0.120942 649
2 0.556551 0.442484 0.0443295 0.0304686 648
2 0.669479 0.455401 0.0658641 0.0463714 654
2 0.333363 0.530236 0.0757066 0.0621913 667
0 0.471514 0.530129 0.0134257 0.0598397 723
2 0.24224 0.719836 0.23407 0.175378 757
2 0.251214 0.580141 0.0871111 0.0709285 889
0 0.487824 0.511067 0.0114077 0.0525973 734
2 0.812971 0.483505 0.102843 0.0625544 1122
1 0.511991 0.548827 0.023945 0.0394401 1248
2 0.451734 0.461529 0.0367006 0.040205 1255
0 0.509646 0.53448 0.0198897 0.0700786 1265
1 0.475192 0.54654 0.0152646 0.0315912 1271
2 0.962375 0.513476 0.0378153 0.0587913 1275
