2 0.29776 0.518969 0.0668336 0.0559189 647
2 0.200203 0.564301 0.0744049 0.0592399 650
2 0.470457 0.691094 0.152274 0.120332 649
2 0.51647 0.439347 0.0410413 0.0282268 648
2 0.65743 0.453873 0.0651709 0.0454549 654
2 0.332847 0.530701 0.0756776 0.0621403 667
0 0.471821 0.531278 0.0135498 0.0601277 723
2 0.241765 0.720441 0.234495 0.176138 757
2 0.250756 0.580527 0.0875387 0.0711404 889
0 0.487596 0.51205 0.0112995 0.0529405 734
2 0.799285 0.481988 0.102012 0.0611446 1122
1 0.512681 0.549537 0.0252196 0.0412753 1248
0 0.509925 0.53522 0.0179587 0.0698014 1265
1 0.474846 0.546195 0.0153441 0.0343489 1271
2 0.946221 0.512846 0.0789697 0.0644644 1275
2 0.463915 0.449076 0.035841 0.0373986 1335
2 0.460324 0.410629 0.0285055 0.0174672 1316
