2 0.297858 0.518464 0.0677294 0.056845 647
2 0.200594 0.56416 0.0749717 0.0591977 650
2 0.470395 0.690769 0.152014 0.120174 649
2 0.534193 0.440103 0.0425708 0.02931 648
2 0.665009 0.455627 0.0645729 0.0450585 654
2 0.3328 0.530437 0.0753318 0.0618955 667
0 0.470631 0.530262 0.0132112 0.0589972 723
2 0.241827 0.720392 0.234527 0.176146 757
2 0.250582 0.580002 0.0877845 0.0712954 889
0 0.487695 0.511481 0.0112131 0.0526675 734
2 0.801486 0.481979 0.101287 0.0608543 1122
1 0.512503 0.549828 0.0243682 0.0397189 1248
0 0.509892 0.535131 0.0183193 0.0705815 1265
1 0.475328 0.546032 0.0148062 0.0332879 1271
2 0.947061 0.513192 0.0718264 0.065571 1275
2 0.415546 0.435808 0.0283389 0.0297435 1335
2 0.884126 0.474279 0.0594393 0.0379847 1179
2 0.486256 0.414075 0.0322998 0.0191509 1316
