2 0.298545 0.517842 0.0668558 0.0558965 647
2 0.201629 0.563157 0.073556 0.0587567 650
2 0.471244 0.68928 0.151976 0.120136 649
2 0.501712 0.437115 0.0385897 0.0266353 648
2 0.653575 0.450887 0.0636451 0.0445247 654
2 0.333879 0.529433 0.0756137 0.0620286 667
0 0.472021 0.529267 0.0133549 0.0595785 723
2 0.242524 0.719756 0.23454 0.176156 757
2 0.251873 0.579006 0.0879709 0.0715435 889
0 0.488504 0.510545 0.011524 0.0537148 734
2 0.798201 0.479681 0.102249 0.0614134 1122
1 0.513566 0.54789 0.0257677 0.0425305 1248
0 0.510713 0.533278 0.0175781 0.0689139 1265
1 0.475799 0.545009 0.0146908 0.0325508 1271
2 0.94736 0.511572 0.0843911 0.065399 1275
2 0.447974 0.406663 0.0260055 0.0163582 1316
2 0.475772 0.399933 0.0195722 0.0142778 1162
