2 0.29746 0.518857 0.0667591 0.0558276 647
2 0.200332 0.564128 0.0740174 0.0590025 650
2 0.470363 0.691467 0.152646 0.1207 649
2 0.511614 0.438896 0.0395101 0.0276727 648
2 0.654975 0.453212 0.0652322 0.0456322 654
2 0.332771 0.530541 0.0755561 0.0620117 667
0 0.471051 0.530491 0.0132713 0.0589424 723
2 0.241538 0.720553 0.234816 0.176383 757
2 0.250587 0.580464 0.0871912 0.0708111 889
0 0.487608 0.511959 0.0112978 0.052717 734
2 0.79815 0.482235 0.102264 0.0613688 1122
1 0.512599 0.549469 0.0255999 0.0420917 1248
0 0.510108 0.535421 0.0178316 0.0702075 1265
1 0.474678 0.546727 0.0146664 0.0325436 1271
2 0.946369 0.513699 0.0821685 0.0651437 1275
2 0.453317 0.409413 0.0273711 0.0169945 1316
2 0.490319 0.456183 0.0431291 0.0408366 1156
2 0.481244 0.40255 0.0211156 0.0157289 1162
