2 0.297454 0.518199 0.0674216 0.0563603 647
2 0.200045 0.564066 0.073394 0.0590716 650
2 0.470389 0.68916 0.151579 0.119941 649
2 0.449593 0.442055 0.0428042 0.028489 648
2 0.635192 0.448966 0.0589807 0.040714 654
2 0.332852 0.529967 0.0753996 0.0617497 667
0 0.470599 0.52909 0.0131941 0.0593532 723
2 0.241298 0.720267 0.234231 0.175689 757
2 0.250455 0.579672 0.0884276 0.0722115 889
0 0.486962 0.510537 0.0114085 0.0536941 734
2 0.783851 0.477095 0.0992308 0.059794 1122
1 0.512629 0.547184 0.0257673 0.0429126 1248
0 0.509747 0.53304 0.017746 0.0692696 1265
1 0.475115 0.544804 0.0151793 0.0342072 1271
2 0.946733 0.510466 0.0912336 0.0643585 1275
2 0.423302 0.402715 0.022213 0.0151537 1316
2 0.465162 0.409331 0.0276627 0.0210814 1362
