2 0.29794 0.518592 0.067141 0.056067 647
2 0.200942 0.564219 0.0733632 0.0590879 650
2 0.470982 0.688984 0.151307 0.119686 649
2 0.425325 0.446017 0.0438192 0.0288352 648
2 0.629069 0.447615 0.0572753 0.0393391 654
2 0.333442 0.529841 0.0759247 0.0621814 667
0 0.47205 0.529284 0.0134835 0.0599666 723
2 0.242188 0.719849 0.234126 0.17557 757
2 0.251242 0.579998 0.0873611 0.0713637 889
0 0.487649 0.51019 0.0111856 0.0523647 734
2 0.776217 0.475035 0.0987387 0.0597282 1122
1 0.51329 0.547688 0.0251283 0.0419236 1248
0 0.510943 0.532295 0.017211 0.0676591 1265
1 0.474903 0.545223 0.0146007 0.0327118 1271
2 0.947357 0.510348 0.0941119 0.0648254 1275
2 0.416621 0.401792 0.0202881 0.0143168 1316
2 0.445941 0.407577 0.0253503 0.0193652 1362
