2 0.297862 0.517939 0.0666981 0.0557134 647
2 0.20131 0.563719 0.0731337 0.0588327 650
2 0.471003 0.688536 0.151645 0.119991 649
2 0.438324 0.44331 0.0429997 0.0284139 648
2 0.632541 0.447497 0.0585724 0.0403736 654
2 0.333471 0.529343 0.0756462 0.0619308 667
0 0.472396 0.528822 0.0136115 0.0602319 723
2 0.242017 0.719769 0.234189 0.175635 757
2 0.251251 0.579523 0.087647 0.0715746 889
0 0.487975 0.509799 0.0113324 0.0528343 734
2 0.780584 0.475169 0.0981318 0.0591778 1122
1 0.513241 0.547518 0.0249724 0.0415417 1248
0 0.510543 0.532178 0.0175902 0.0688891 1265
1 0.475313 0.544332 0.0149648 0.0336607 1271
2 0.947415 0.509744 0.0928952 0.0647441 1275
2 0.419893 0.401489 0.0212955 0.0148201 1316
2 0.455245 0.407512 0.0267702 0.0204299 1362
