2 0.296569 0.518882 0.0667101 0.0559104 647
2 0.20026 0.564391 0.0734393 0.0592916 650
2 0.470484 0.68939 0.151449 0.119911 649
2 0.363818 0.457707 0.047325 0.0308448 648
2 0.61311 0.446403 0.0554646 0.0388713 654
2 0.332933 0.530457 0.07576 0.0619759 667
0 0.470934 0.529039 0.012984 0.0580284 723
2 0.241373 0.720317 0.234123 0.175405 757
2 0.250402 0.580445 0.0874098 0.071395 889
0 0.4878 0.510921 0.0115442 0.0526539 734
2 0.751282 0.471256 0.0946449 0.0581234 1122
1 0.512701 0.548713 0.0244873 0.0410348 1248
0 0.510567 0.533898 0.0171948 0.0686384 1265
1 0.474464 0.545477 0.0148547 0.0331028 1271
2 0.942588 0.509875 0.098532 0.0648359 1275
2 0.412774 0.404457 0.0228146 0.0177697 1362
