2 0.297539 0.518492 0.0666806 0.0559274 647
2 0.200638 0.564339 0.0734562 0.0593699 650
2 0.471032 0.688989 0.151518 0.119964 649
2 0.346071 0.461254 0.0486322 0.0316637 648
2 0.609716 0.444818 0.0547572 0.0382396 654
2 0.333306 0.530286 0.0756743 0.0619268 667
0 0.471582 0.529164 0.0131985 0.0592089 723
2 0.242021 0.720331 0.234619 0.175786 757
2 0.251135 0.580006 0.087876 0.0719037 889
0 0.487532 0.510028 0.0112374 0.051852 734
2 0.744369 0.469041 0.0935186 0.0576953 1122
1 0.513369 0.548504 0.0244658 0.0409494 1248
0 0.511064 0.531804 0.016576 0.065922 1265
1 0.475179 0.545583 0.014615 0.0323411 1271
2 0.938977 0.508041 0.0987347 0.0640725 1275
2 0.407016 0.402969 0.0220276 0.0173147 1362
2 0.31998 0.41451 0.0141431 0.0155303 1382
