2 0.298557 0.518067 0.0674817 0.0563481 647
2 0.202236 0.563789 0.0733744 0.0590769 650
2 0.471227 0.688572 0.151641 0.120028 649
2 0.397146 0.450248 0.0454016 0.0296777 648
2 0.620482 0.446007 0.0562345 0.0395551 654
2 0.334039 0.529381 0.0760106 0.0621764 667
0 0.472008 0.529254 0.013549 0.0604889 723
2 0.24241 0.719992 0.23525 0.176461 757
2 0.251472 0.579825 0.0868442 0.070857 889
0 0.488407 0.509768 0.0113982 0.0528087 734
2 0.766052 0.472034 0.0981311 0.0598328 1122
1 0.513545 0.54711 0.0254385 0.042629 1248
0 0.510902 0.531395 0.0167439 0.066051 1265
1 0.475194 0.544036 0.0151917 0.0339814 1271
2 0.946944 0.509599 0.0962945 0.0651055 1275
2 0.428899 0.404733 0.0237038 0.0182003 1362
