2 0.296628 0.517973 0.0654107 0.0557766 647
2 0.200781 0.563876 0.0729644 0.0590534 650
2 0.472941 0.688384 0.151228 0.119734 649
2 0.285531 0.476055 0.054026 0.0355045 648
2 0.593197 0.44244 0.053516 0.0370286 654
2 0.333486 0.52956 0.0758921 0.0621658 667
0 0.471939 0.529004 0.013221 0.0599226 723
2 0.242287 0.719973 0.234753 0.17587 757
2 0.251425 0.580175 0.0862689 0.0703386 889
0 0.487692 0.509677 0.0111102 0.0521032 734
2 0.719391 0.46356 0.0876339 0.0546272 1122
1 0.513483 0.5478 0.0248236 0.0415945 1248
0 0.511299 0.532861 0.0172251 0.0692956 1265
1 0.475379 0.545584 0.0142754 0.0310776 1271
2 0.911843 0.502078 0.0990758 0.0618193 1275
2 0.390718 0.400438 0.0201679 0.016222 1362
2 0.325808 0.415947 0.0161017 0.0176496 1382
2 0.974265 0.494385 0.0367418 0.0454531 1387
