2 0.297924 0.518972 0.0659575 0.0556811 647
2 0.200392 0.564612 0.0726589 0.0589829 650
2 0.481645 0.687102 0.150835 0.119463 649
2 0.187406 0.505634 0.0627131 0.041118 648
2 0.560736 0.440772 0.0524922 0.0360367 654
2 0.333531 0.530333 0.0764445 0.0628146 667
0 0.471909 0.529567 0.0131716 0.0601998 723
2 0.251338 0.580546 0.0871495 0.0709574 889
0 0.487647 0.510561 0.010876 0.0520103 734
2 0.682321 0.457088 0.0823497 0.0528956 1122
1 0.513366 0.548506 0.0245641 0.0412211 1248
0 0.511106 0.533018 0.0170144 0.0689123 1265
1 0.475056 0.545411 0.0149361 0.0324287 1271
2 0.8649 0.492943 0.096829 0.0591193 1275
2 0.331837 0.419538 0.0173146 0.0191167 1382
2 0.24542 0.719536 0.233271 0.174703 757
