2 0.299597 0.518997 0.0670073 0.0560976 647
2 0.202085 0.564711 0.0741022 0.0594304 650
2 0.687891 0.668968 0.136886 0.109183 649
2 0.334231 0.530444 0.0750918 0.0617952 667
0 0.473558 0.52998 0.0137248 0.0609369 723
2 0.252528 0.580365 0.0874821 0.0715457 889
0 0.490058 0.511886 0.0120529 0.0539815 734
2 0.552332 0.440702 0.060056 0.0399859 1122
1 0.514246 0.54902 0.0242466 0.0403474 1248
0 0.51148 0.533695 0.0170106 0.0691432 1265
1 0.475835 0.545871 0.0153404 0.0323822 1271
2 0.700258 0.461575 0.0762811 0.0473376 1275
2 0.353174 0.428025 0.0205324 0.0221844 1382
2 0.909689 0.50107 0.0491766 0.061709 1416
2 0.326815 0.416934 0.0157305 0.0156098 1418
2 0.42051 0.448363 0.0541262 0.0381032 654
2 0.663018 0.435828 0.066312 0.0351727 1424
2 0.536222 0.417501 0.0340884 0.0219571 1425
