2 0.299434 0.518756 0.0676206 0.0565828 647
2 0.202183 0.564599 0.0741638 0.059736 650
2 0.777989 0.681398 0.155213 0.118214 649
2 0.334301 0.530031 0.0754932 0.0620929 667
0 0.472091 0.528832 0.0132055 0.0593849 723
2 0.252439 0.580132 0.0875148 0.0716039 889
0 0.490046 0.511347 0.0122066 0.05405 734
2 0.520636 0.439114 0.0583895 0.0392819 1122
1 0.514133 0.548215 0.024673 0.0410893 1248
0 0.511405 0.533289 0.0170271 0.0693249 1265
1 0.475795 0.544952 0.0152335 0.0324603 1271
2 0.656898 0.453804 0.0697637 0.0442577 1275
2 0.357689 0.428955 0.0219687 0.0236794 1382
2 0.839993 0.485953 0.0551238 0.0574233 1416
2 0.330505 0.418515 0.0157593 0.0158381 1418
2 0.377049 0.4555 0.0554201 0.0393477 654
2 0.598238 0.426017 0.0572904 0.0310918 1424
2 0.504465 0.411529 0.0324793 0.0214935 1425
