2 0.298861 0.519475 0.066954 0.0559911 647
2 0.201777 0.564906 0.0734699 0.0588916 650
2 0.715378 0.671121 0.140385 0.111608 649
2 0.333722 0.53076 0.0751008 0.0617512 667
0 0.472636 0.530155 0.0135441 0.0603211 723
2 0.252082 0.580708 0.0876876 0.0717719 889
0 0.489423 0.51229 0.0122223 0.0542107 734
2 0.54054 0.440626 0.0599298 0.0398475 1122
1 0.513846 0.548902 0.024731 0.0412145 1248
0 0.51134 0.534122 0.0168876 0.068813 1265
1 0.475373 0.546109 0.0153708 0.0324306 1271
2 0.687383 0.458923 0.0741633 0.0466982 1275
2 0.354072 0.428748 0.0206415 0.0222494 1382
2 0.885909 0.496334 0.0517377 0.0608046 1416
2 0.327527 0.418048 0.0155312 0.0154618 1418
2 0.405998 0.450705 0.0546241 0.038575 654
2 0.638388 0.433439 0.0645203 0.0344079 1424
2 0.523022 0.416375 0.0333499 0.0215482 1425
