2 0.299013 0.518975 0.0671684 0.0562896 647
2 0.202122 0.564575 0.0737501 0.0589366 650
2 0.614168 0.66953 0.140614 0.111923 649
2 0.333862 0.530379 0.0753152 0.062005 667
0 0.47256 0.529653 0.013143 0.0599235 723
2 0.252111 0.580559 0.0872065 0.0711902 889
0 0.489946 0.511858 0.0117525 0.0532726 734
2 0.574837 0.442074 0.0607272 0.0405184 1122
1 0.513971 0.548694 0.0245775 0.0411109 1248
0 0.511294 0.533457 0.0168832 0.0685078 1265
1 0.475696 0.545904 0.0151967 0.0322533 1271
2 0.727008 0.466686 0.0822018 0.05038 1275
2 0.349918 0.426816 0.0200835 0.021735 1382
2 0.947956 0.50927 0.0446379 0.064238 1416
2 0.323653 0.41575 0.0149707 0.0147954 1418
2 0.446924 0.444532 0.0537215 0.0377316 654
2 0.320889 0.702539 0.229038 0.17656 757
