2 0.299271 0.519027 0.0670942 0.0560313 647
2 0.201893 0.564669 0.0739539 0.0598259 650
2 0.867123 0.69926 0.172357 0.126633 649
2 0.334248 0.530486 0.0752515 0.0618846 667
0 0.472971 0.529173 0.0134099 0.0593033 723
2 0.252363 0.580161 0.0870893 0.0712587 889
0 0.490069 0.511698 0.0121894 0.0540328 734
2 0.494941 0.439793 0.0594048 0.0399287 1122
1 0.514173 0.548519 0.0246571 0.0409119 1248
0 0.511411 0.533114 0.0168365 0.0683203 1265
1 0.475905 0.545338 0.0154564 0.0329074 1271
2 0.628969 0.450394 0.0659609 0.0421566 1275
2 0.360453 0.429817 0.0219825 0.0233938 1382
2 0.797513 0.47818 0.0572675 0.0538718 1416
2 0.332983 0.420104 0.0153401 0.0155898 1418
2 0.34607 0.462123 0.0565131 0.0403225 654
2 0.56391 0.421346 0.0514293 0.0285478 1424
2 0.484547 0.409441 0.0299315 0.0201442 1425
