2 0.298382 0.518621 0.066965 0.0559052 647
2 0.200699 0.564927 0.0731339 0.0592186 650
2 0.333758 0.530597 0.0758945 0.0624945 667
0 0.472024 0.52956 0.0135334 0.0601742 723
2 0.251432 0.580555 0.0876578 0.0714425 889
0 0.489099 0.51193 0.0121691 0.0539892 734
2 0.184697 0.502017 0.0828124 0.058424 1122
1 0.51327 0.548194 0.0244762 0.0415437 1248
0 0.511739 0.533526 0.016548 0.0703631 1265
1 0.47523 0.546416 0.015117 0.0312586 1271
2 0.372795 0.456747 0.0592463 0.0401201 1275
2 0.368981 0.433013 0.0231724 0.0242499 1382
2 0.499142 0.442714 0.0511422 0.0366616 1416
2 0.351466 0.428147 0.0181014 0.0189542 1418
2 0.599616 0.713519 0.17706 0.149243 1426
2 0.691569 0.459997 0.0551945 0.0407912 1427
