2 0.299441 0.518767 0.066576 0.0556707 647
2 0.201752 0.564509 0.0737801 0.0595785 650
2 0.334204 0.53018 0.0752447 0.0619032 667
0 0.472367 0.529529 0.0134043 0.059913 723
2 0.252484 0.580367 0.0876444 0.071319 889
0 0.489858 0.511666 0.0121195 0.0536683 734
2 0.275222 0.475022 0.0678421 0.047317 1122
1 0.514062 0.547911 0.0249619 0.0423195 1248
0 0.511526 0.533349 0.0168869 0.0693138 1265
1 0.475976 0.545988 0.0150963 0.0316294 1271
2 0.435182 0.44883 0.0569992 0.0377646 1275
2 0.370118 0.434105 0.025235 0.0263787 1382
2 0.556714 0.442843 0.0522027 0.0373956 1416
2 0.350053 0.426924 0.0183947 0.0185508 1418
2 0.455289 0.728189 0.177824 0.152185 1426
2 0.781074 0.476826 0.0562844 0.0466602 1427
