2 0.297851 0.519029 0.0671562 0.0559435 647
2 0.201175 0.564672 0.0749699 0.0595229 650
2 0.332742 0.530562 0.0753312 0.061823 667
0 0.471485 0.529902 0.0137269 0.0603772 723
2 0.25085 0.58071 0.0875302 0.0715729 889
0 0.488596 0.512232 0.0121839 0.0538614 734
1 0.512504 0.547421 0.0252006 0.0433174 1248
0 0.510657 0.534552 0.0146716 0.0707674 1265
1 0.475892 0.54651 0.0160261 0.0341026 1271
2 0.24676 0.48426 0.0657425 0.0459827 1275
2 0.368551 0.434311 0.02498 0.0263877 1382
2 0.391543 0.45343 0.0543016 0.0390833 1416
2 0.352022 0.429532 0.0167105 0.0193403 1418
2 0.900497 0.717161 0.193891 0.145263 1426
2 0.566061 0.446487 0.0501017 0.0331226 1427
2 0.332596 0.418949 0.0172912 0.0196007 1448
2 0.228595 0.768644 0.132734 0.134001 1452
2 0.802593 0.478458 0.0870391 0.05073 1457
2 0.588348 0.423983 0.0463524 0.029556 1463
