2 0.297026 0.518966 0.0665787 0.0561045 647
2 0.20069 0.564596 0.0749129 0.0596759 650
2 0.333115 0.530456 0.0754395 0.0619595 667
0 0.471772 0.52946 0.0134391 0.0598395 723
2 0.251314 0.58077 0.0863024 0.0705312 889
0 0.488667 0.511804 0.0121474 0.0533706 734
1 0.512841 0.547252 0.0252273 0.0437464 1248
0 0.510316 0.53432 0.0154302 0.0704767 1265
1 0.475702 0.545213 0.015075 0.0329355 1271
2 0.153747 0.509068 0.0766229 0.05374 1275
2 0.369297 0.433734 0.0246525 0.0256783 1382
2 0.32136 0.466123 0.0558239 0.0401259 1416
2 0.352378 0.428664 0.0167068 0.020364 1418
2 0.503974 0.445686 0.050312 0.0320196 1427
2 0.3366 0.420118 0.0176122 0.020148 1448
2 0.416914 0.717566 0.138992 0.128371 1452
2 0.704595 0.460333 0.073891 0.044029 1457
2 0.532317 0.415236 0.0392812 0.0253871 1463
2 0.0520111 0.815614 0.076036 0.10359 1472
2 0.689618 0.435931 0.0531071 0.0343132 1453
