2 0.298826 0.518624 0.0670172 0.0563418 647
2 0.201186 0.564803 0.0743303 0.0596168 650
2 0.333845 0.530386 0.0757934 0.0623785 667
0 0.471702 0.529116 0.013269 0.0597239 723
2 0.251906 0.580502 0.087428 0.0714277 889
0 0.488886 0.511746 0.0123583 0.0544344 734
1 0.513404 0.547505 0.024477 0.0424973 1248
0 0.510988 0.53298 0.0153502 0.0690216 1265
1 0.4766 0.546672 0.0166197 0.0363816 1271
2 0.0746315 0.535128 0.084218 0.0591966 1275
2 0.369684 0.433863 0.0245483 0.025724 1382
2 0.262151 0.480505 0.063094 0.0452565 1416
2 0.353267 0.428953 0.0156982 0.0192168 1418
2 0.453258 0.448692 0.0512687 0.0320892 1427
2 0.339245 0.420927 0.0178492 0.020402 1448
2 0.549254 0.688136 0.137727 0.121521 1452
2 0.645945 0.449585 0.067603 0.0416244 1457
2 0.503554 0.410875 0.0341269 0.0229245 1463
2 0.141402 0.786249 0.105179 0.131115 1472
