2 0.298571 0.518996 0.0668637 0.0560527 647
2 0.20061 0.564929 0.0734438 0.0592303 650
2 0.333373 0.530398 0.0754462 0.0620177 667
0 0.471997 0.529655 0.0133139 0.060103 723
2 0.251577 0.580773 0.0868903 0.0708697 889
0 0.488939 0.512456 0.0123209 0.0544426 734
1 0.513076 0.547017 0.0253014 0.044342 1248
0 0.510714 0.533959 0.0158933 0.069867 1265
1 0.475096 0.546568 0.0143719 0.0307645 1271
2 0.369224 0.43432 0.024073 0.0255309 1382
2 0.17298 0.50565 0.0727543 0.0528801 1416
2 0.352674 0.429165 0.015575 0.0195237 1418
2 0.383172 0.45731 0.0538474 0.0334058 1427
2 0.340266 0.421816 0.0183297 0.0206014 1448
2 0.733838 0.669766 0.131703 0.109565 1452
2 0.574837 0.444886 0.0556812 0.0357628 1457
2 0.468875 0.40715 0.029293 0.0203817 1463
2 0.354085 0.732529 0.119193 0.127371 1472
2 0.920631 0.498416 0.0533062 0.0711676 1489
2 0.557398 0.419735 0.0460492 0.0298694 1493
