2 0.298014 0.51984 0.0665452 0.0556751 647
2 0.200466 0.565449 0.0732437 0.0592527 650
2 0.33324 0.531404 0.0751963 0.06166 667
0 0.471694 0.530488 0.0131296 0.05986 723
2 0.251114 0.58153 0.0869542 0.0709051 889
0 0.488575 0.512772 0.011912 0.0529689 734
1 0.512619 0.548714 0.0241981 0.042252 1248
0 0.50964 0.53542 0.0162405 0.070076 1265
1 0.474969 0.546777 0.0149798 0.0315847 1271
2 0.368815 0.434831 0.0235395 0.0250357 1382
2 0.095342 0.532787 0.0824053 0.0601953 1416
2 0.352252 0.430276 0.0152198 0.0194019 1418
2 0.328666 0.46742 0.0555157 0.0342466 1427
2 0.340396 0.42242 0.0189528 0.021596 1448
2 0.874653 0.679049 0.150206 0.11409 1452
2 0.523126 0.44371 0.052769 0.0346557 1457
2 0.451507 0.405797 0.0278662 0.0201238 1463
2 0.512723 0.70514 0.125743 0.123353 1472
2 0.808077 0.478778 0.0538165 0.0616041 1489
2 0.519118 0.415657 0.0412883 0.0269378 1493
