2 0.298266 0.519106 0.0672343 0.0564462 647
2 0.200552 0.565044 0.073731 0.059311 650
2 0.333203 0.530473 0.0754017 0.062016 667
0 0.471955 0.529596 0.0134014 0.0602279 723
2 0.251543 0.58076 0.0870712 0.071096 889
0 0.488698 0.512209 0.0122271 0.0539381 734
1 0.512977 0.547022 0.0252188 0.0440451 1248
0 0.510181 0.533764 0.0158567 0.0701232 1265
1 0.474876 0.546142 0.0145485 0.0316018 1271
2 0.369073 0.434286 0.024467 0.0257856 1382
2 0.219728 0.492872 0.0664954 0.0483741 1416
2 0.352846 0.429465 0.0154449 0.0191153 1418
2 0.418215 0.452494 0.0522211 0.0324316 1427
2 0.339729 0.421569 0.0180598 0.0205354 1448
2 0.635942 0.674232 0.135784 0.115225 1452
2 0.608314 0.447117 0.0597519 0.0379654 1457
2 0.48353 0.408376 0.0307346 0.0209458 1463
2 0.246185 0.756402 0.113309 0.130161 1472
2 0.965481 0.507809 0.0412172 0.0587379 1489
2 0.691207 0.429814 0.051776 0.0331831 1453
2 0.929168 0.477267 0.0604148 0.035169 1387
