2 0.298898 0.519049 0.0672293 0.056313 647
2 0.201313 0.564946 0.0734711 0.0596983 650
2 0.33386 0.530781 0.0755745 0.0619672 667
0 0.472398 0.529975 0.0131182 0.0599497 723
2 0.251955 0.580375 0.0878597 0.0719107 889
0 0.48944 0.512436 0.0120916 0.0536609 734
1 0.513345 0.548587 0.0240131 0.0416035 1248
0 0.510491 0.534563 0.0163311 0.0695928 1265
1 0.475668 0.546123 0.0155956 0.0326584 1271
2 0.369424 0.434789 0.0235773 0.0251834 1382
2 0.0271787 0.562172 0.078813 0.0592528 1416
2 0.352959 0.429872 0.0147022 0.019072 1418
2 0.271113 0.480672 0.0604228 0.0373825 1427
2 0.341131 0.422131 0.0187023 0.0215969 1448
2 0.469497 0.444687 0.0495253 0.0336182 1457
2 0.439383 0.403211 0.0253662 0.0190828 1463
2 0.671241 0.688944 0.125904 0.114456 1472
2 0.720153 0.462843 0.0548217 0.0538448 1489
2 0.489512 0.411732 0.0373004 0.0247858 1493
2 0.551975 0.409606 0.0341821 0.0241233 1504
