2 0.298669 0.519247 0.0671338 0.0561356 647
2 0.201047 0.564787 0.073188 0.0593257 650
2 0.333673 0.530765 0.0753158 0.0617471 667
0 0.472638 0.529809 0.0131289 0.0596542 723
2 0.251843 0.58059 0.0875343 0.0716906 889
0 0.488952 0.512321 0.0120326 0.0538857 734
1 0.513218 0.547732 0.024673 0.0428072 1248
0 0.510593 0.534274 0.0163972 0.0699796 1265
1 0.475626 0.546329 0.0153992 0.031935 1271
2 0.369459 0.43479 0.0235283 0.0251367 1382
2 0.352527 0.429665 0.0147484 0.0194173 1418
2 0.228458 0.491573 0.0655606 0.0408055 1427
2 0.340711 0.421727 0.0185645 0.0215515 1448
2 0.436514 0.44684 0.051633 0.0353937 1457
2 0.432292 0.401738 0.0244006 0.0188071 1463
2 0.790055 0.690601 0.13545 0.114763 1472
2 0.671049 0.454712 0.0551622 0.0501966 1489
2 0.472137 0.409043 0.0340137 0.0228343 1493
2 0.526826 0.405774 0.0307087 0.0217555 1504
2 0.564255 0.422201 0.039734 0.0269992 1508
2 0.940271 0.511441 0.0512416 0.0516052 1509
