2 0.298891 0.518985 0.067672 0.0566412 647
2 0.201913 0.564672 0.07222 0.0583937 650
2 0.333675 0.530591 0.0753608 0.0617685 667
0 0.472582 0.529596 0.013173 0.0598337 723
2 0.25187 0.580298 0.0877372 0.0720133 889
0 0.48876 0.512028 0.0118908 0.0538453 734
1 0.51332 0.547451 0.0247018 0.0429014 1248
0 0.510695 0.533854 0.0163603 0.0697462 1265
1 0.475454 0.546709 0.0149136 0.0305417 1271
2 0.369276 0.434431 0.0238625 0.0255028 1382
2 0.352582 0.429528 0.0142425 0.0188858 1418
2 0.182028 0.505189 0.0694689 0.0431347 1427
2 0.340911 0.421341 0.0189058 0.0220388 1448
2 0.400551 0.450106 0.0530313 0.0370381 1457
2 0.427363 0.400551 0.0241477 0.0191691 1463
2 0.909458 0.699288 0.145837 0.116349 1472
2 0.621072 0.447053 0.0505524 0.0445797 1489
2 0.458362 0.40712 0.0328167 0.0223688 1493
2 0.506759 0.402979 0.028361 0.0202775 1504
2 0.536653 0.417638 0.0371367 0.0253813 1508
2 0.85838 0.494265 0.0500403 0.0475616 1509
2 0.199013 0.756739 0.247794 0.154178 1513
