2 0.298213 0.519605 0.0663965 0.0554055 647
2 0.200752 0.565124 0.0732051 0.0593257 650
2 0.333323 0.530973 0.0752879 0.0616452 667
0 0.47266 0.530478 0.0135619 0.0601785 723
2 0.251427 0.580974 0.0876356 0.0720158 889
0 0.488632 0.512446 0.0120194 0.0540018 734
1 0.512852 0.547859 0.0248825 0.0431207 1248
0 0.510477 0.535011 0.0164599 0.070602 1265
1 0.475231 0.546502 0.0155944 0.0318882 1271
2 0.368962 0.432965 0.0222628 0.0235695 1382
2 0.352217 0.430083 0.0146179 0.0194811 1418
2 0.132045 0.521718 0.0771373 0.0480047 1427
2 0.340477 0.421082 0.0186049 0.0216471 1448
2 0.364015 0.456676 0.051337 0.0363908 1457
2 0.422768 0.401088 0.02235 0.0182902 1463
2 0.585453 0.444454 0.0521687 0.0432714 1489
2 0.445934 0.406009 0.0309744 0.0215522 1493
2 0.488863 0.401207 0.0256086 0.0185025 1504
2 0.514943 0.414694 0.0366935 0.0254279 1508
2 0.786811 0.48065 0.0497629 0.0444806 1509
2 0.306979 0.726436 0.235846 0.147781 1513
