2 0.298342 0.519543 0.0669172 0.0559036 647
2 0.200689 0.565036 0.0731565 0.0592422 650
2 0.333305 0.531076 0.0754461 0.0618049 667
0 0.473144 0.530888 0.0137702 0.0610199 723
2 0.25126 0.581023 0.0875468 0.071895 889
0 0.488456 0.51265 0.0119575 0.0539011 734
1 0.51275 0.548565 0.0243014 0.042042 1248
0 0.510246 0.534662 0.0162637 0.0695741 1265
1 0.475016 0.54667 0.0154963 0.0316944 1271
2 0.368485 0.434824 0.0239069 0.0255927 1382
2 0.352043 0.430043 0.0143002 0.0189864 1418
2 0.157111 0.51308 0.0737342 0.045781 1427
2 0.340166 0.422015 0.0188225 0.0219748 1448
2 0.382308 0.453377 0.0525974 0.0371376 1457
2 0.42461 0.401032 0.0236515 0.0191203 1463
2 0.950403 0.703543 0.137591 0.111851 1472
2 0.603578 0.44543 0.0530012 0.0453847 1489
2 0.451682 0.407346 0.0314293 0.0216261 1493
2 0.497114 0.402524 0.0272496 0.0195987 1504
2 0.525392 0.416516 0.0370556 0.0254605 1508
2 0.820357 0.487797 0.0504822 0.0465358 1509
2 0.25345 0.738678 0.233833 0.145711 1513
