2 0.298477 0.519337 0.0667604 0.0558422 647
2 0.201326 0.564731 0.0727761 0.0589906 650
2 0.333566 0.530773 0.0755706 0.0619645 667
0 0.472305 0.530206 0.0131078 0.0597165 723
2 0.251687 0.580708 0.087284 0.0714348 889
0 0.489067 0.512553 0.0120732 0.0537686 734
1 0.513122 0.548014 0.0245358 0.0425742 1248
0 0.510437 0.53471 0.0163729 0.0698471 1265
1 0.475377 0.546266 0.0153577 0.0320049 1271
2 0.369271 0.434936 0.0237105 0.0253541 1382
2 0.352465 0.429942 0.0147527 0.0192857 1418
2 0.250785 0.485859 0.0633755 0.0393412 1427
2 0.3408 0.421994 0.0187359 0.0217174 1448
2 0.453466 0.445628 0.0505994 0.0344649 1457
2 0.435445 0.402955 0.0241398 0.0183363 1463
2 0.730756 0.689871 0.131608 0.115999 1472
2 0.695007 0.458821 0.0551539 0.0521373 1489
2 0.48057 0.410784 0.0350819 0.0233958 1493
2 0.53854 0.407987 0.032052 0.0226474 1504
2 0.57703 0.424812 0.0414759 0.0281368 1508
2 0.963353 0.517975 0.0516827 0.0529945 1509
