2 0.296432 0.519417 0.0663431 0.0557652 647
2 0.203208 0.564925 0.0743814 0.0594407 650
2 0.333323 0.530871 0.0759187 0.0622009 667
0 0.472204 0.530377 0.0136373 0.0598792 723
2 0.251492 0.581277 0.0863307 0.0707926 889
0 0.488767 0.512892 0.0121488 0.0544476 734
1 0.512906 0.547522 0.0253578 0.0439866 1248
0 0.510664 0.535029 0.0162607 0.0695513 1265
1 0.475169 0.546042 0.0159576 0.0326266 1271
2 0.3688 0.434638 0.0240959 0.0256521 1382
2 0.352294 0.429542 0.0148377 0.0200436 1418
2 0.340149 0.422187 0.0183698 0.0213688 1448
2 0.264284 0.477511 0.0569898 0.0412132 1457
2 0.418694 0.404187 0.0262116 0.0192856 1493
2 0.476856 0.411132 0.0287807 0.0204661 1508
2 0.658537 0.456876 0.0466491 0.0371111 1509
2 0.538276 0.677433 0.223038 0.149807 1513
2 0.102483 0.819618 0.140406 0.130373 1520
2 0.954743 0.485056 0.0772885 0.0416787 1387
2 0.450432 0.399916 0.0210931 0.0155871 1504
