2 0.297857 0.518944 0.065535 0.0556151 647
2 0.200967 0.564946 0.0744388 0.0594651 650
2 0.33367 0.530404 0.076012 0.0626126 667
0 0.471579 0.529186 0.0135043 0.0589406 723
2 0.251462 0.580795 0.0870579 0.0710558 889
0 0.488847 0.511724 0.0118305 0.0532384 734
1 0.512806 0.547269 0.0248328 0.0430099 1248
0 0.510084 0.533502 0.0164139 0.0691336 1265
1 0.475261 0.545617 0.0157991 0.0319333 1271
2 0.369289 0.432131 0.0217803 0.0228321 1382
2 0.352592 0.428901 0.0142557 0.019488 1418
2 0.340713 0.421267 0.0180254 0.0212099 1448
2 0.0623222 0.543414 0.0796486 0.0592805 1457
2 0.444304 0.405624 0.0235167 0.0179693 1508
2 0.521635 0.443789 0.042861 0.0299551 1509
2 0.935189 0.654805 0.18338 0.130519 1513
2 0.534484 0.705908 0.146014 0.126234 1520
2 0.70298 0.463703 0.0775988 0.0405118 1533
2 0.683931 0.435781 0.0522013 0.0332176 1453
2 0.366128 0.457142 0.0580152 0.0421055 1532
