2 0.29664 0.519128 0.0655508 0.056363 647
2 0.20183 0.56484 0.0741962 0.0590092 650
2 0.333134 0.531151 0.0753606 0.0619837 667
0 0.471904 0.530088 0.0133739 0.0597421 723
2 0.251191 0.581032 0.0873782 0.0713343 889
0 0.488855 0.512498 0.0120911 0.0540978 734
1 0.512583 0.547845 0.0245387 0.0421118 1248
0 0.509906 0.534649 0.0166529 0.0700095 1265
1 0.475014 0.546119 0.0157779 0.0321211 1271
2 0.368772 0.433453 0.0234637 0.0242441 1382
2 0.352295 0.429603 0.0140171 0.0189322 1418
2 0.340316 0.421693 0.017688 0.0209718 1448
2 0.435719 0.404737 0.0225139 0.0179253 1508
2 0.458161 0.447306 0.0417581 0.0291712 1509
2 0.740957 0.674932 0.133305 0.111431 1520
2 0.617849 0.451444 0.0613815 0.0330686 1533
2 0.603614 0.425424 0.0410837 0.0289431 1542
2 0.0601485 0.800287 0.0815779 0.105644 1543
2 0.534955 0.405824 0.0362898 0.0253261 1544
