2 0.291991 0.519631 0.0624261 0.0551714 647
2 0.20074 0.564994 0.074308 0.0592864 650
2 0.33338 0.531023 0.0759886 0.0624923 667
0 0.471269 0.529833 0.0133887 0.0600394 723
2 0.250984 0.581033 0.0870716 0.0710381 889
0 0.488738 0.512436 0.0120287 0.0539532 734
1 0.512502 0.547534 0.0249115 0.0427785 1248
0 0.510204 0.533871 0.0163968 0.0689197 1265
1 0.476025 0.545045 0.017646 0.0368558 1271
2 0.36895 0.433782 0.0248112 0.0259566 1382
2 0.351929 0.429337 0.0142735 0.019269 1418
2 0.339944 0.420343 0.0179132 0.0214823 1448
2 0.432957 0.404227 0.022065 0.0178818 1508
2 0.426497 0.45106 0.0432561 0.0296934 1509
2 0.848084 0.671647 0.136081 0.108092 1520
2 0.58125 0.447079 0.059755 0.0326335 1533
2 0.574454 0.420536 0.0375455 0.0264347 1542
2 0.106014 0.793932 0.12332 0.154105 1543
2 0.512376 0.403046 0.0327203 0.0228987 1544
