2 0.296814 0.519759 0.0636538 0.0548447 647
2 0.204742 0.564939 0.0760174 0.0586273 650
2 0.332847 0.530845 0.074955 0.0613777 667
0 0.470907 0.530026 0.0137324 0.0603764 723
2 0.250571 0.581194 0.0870131 0.0710172 889
0 0.487613 0.511006 0.0121862 0.0530049 734
1 0.512245 0.547555 0.02461 0.0425633 1248
0 0.509956 0.534159 0.0164836 0.0700117 1265
1 0.47625 0.546246 0.0149905 0.0325272 1271
2 0.368265 0.434555 0.0241267 0.0256991 1382
2 0.351845 0.428972 0.014966 0.0202468 1418
2 0.34002 0.421497 0.0175927 0.0219922 1448
2 0.42447 0.403236 0.019122 0.0164256 1508
2 0.243801 0.490437 0.0575503 0.0387819 1509
2 0.411503 0.452413 0.0544883 0.031751 1533
2 0.483611 0.408252 0.0285466 0.0212218 1542
2 0.557049 0.669716 0.137063 0.135472 1543
2 0.436872 0.392066 0.0211433 0.016082 1544
2 0.568318 0.41184 0.027022 0.0243931 1563
2 0.694418 0.433619 0.0439545 0.0275851 1453
