2 0.296099 0.519025 0.064527 0.0563619 647
2 0.200245 0.564998 0.0766782 0.0595606 650
2 0.332591 0.530737 0.0751963 0.061753 667
0 0.472484 0.530743 0.0143439 0.0614899 723
2 0.250421 0.581107 0.0873066 0.0712472 889
0 0.488062 0.512314 0.0120504 0.0534968 734
1 0.512108 0.547585 0.024695 0.0426769 1248
0 0.50988 0.534002 0.0163253 0.0694166 1265
1 0.474782 0.545447 0.0162426 0.0341794 1271
2 0.368121 0.434373 0.0243057 0.0258304 1382
2 0.351607 0.428919 0.0150035 0.0201435 1418
2 0.339734 0.421332 0.0180126 0.0224566 1448
2 0.425956 0.403357 0.0202279 0.0171711 1508
2 0.304465 0.47458 0.0526298 0.035701 1509
2 0.462898 0.447072 0.0527616 0.0302989 1533
2 0.503452 0.411495 0.0304877 0.022281 1542
2 0.431937 0.695826 0.145772 0.149209 1543
2 0.453185 0.394931 0.025519 0.0187069 1544
2 0.619392 0.419596 0.0312921 0.027086 1558
