2 0.296372 0.519958 0.064026 0.0548576 647
2 0.200278 0.565242 0.0753002 0.059312 650
2 0.332937 0.531588 0.0754937 0.0617784 667
0 0.468406 0.530558 0.0135221 0.0581414 723
2 0.250843 0.581599 0.0873484 0.0713877 889
0 0.489015 0.506746 0.0114747 0.0501294 734
1 0.51242 0.548836 0.0240759 0.0416844 1248
0 0.509817 0.534977 0.0166147 0.0698222 1265
1 0.474707 0.546634 0.013223 0.0306613 1271
2 0.368666 0.434873 0.0240525 0.0257534 1382
2 0.352012 0.429586 0.0150376 0.0205091 1418
2 0.340371 0.421683 0.0175456 0.0219694 1448
2 0.421558 0.402961 0.0194052 0.016987 1508
2 0.121465 0.529153 0.0716467 0.0487872 1509
2 0.320069 0.469176 0.0534915 0.0324417 1533
2 0.463002 0.407755 0.02583 0.0199969 1542
2 0.823203 0.648313 0.145276 0.125488 1543
2 0.178941 0.791207 0.0990196 0.135056 1564
2 0.508717 0.404935 0.0254204 0.0197988 1565
