2 0.297981 0.520342 0.0655808 0.0553888 647
2 0.201077 0.565895 0.0740833 0.0591823 650
2 0.334139 0.531153 0.0750423 0.0616949 667
0 0.467609 0.513388 0.0123145 0.0535797 723
2 0.251682 0.581588 0.0879002 0.0723403 889
1 0.495621 0.542788 0.0240265 0.0373488 1248
0 0.493955 0.523692 0.0156288 0.0583709 1265
1 0.470902 0.535786 0.0123388 0.0284042 1271
2 0.368914 0.43533 0.0238543 0.0255818 1382
2 0.352986 0.430051 0.0147622 0.0200191 1418
2 0.341065 0.422621 0.0171571 0.0218615 1448
2 0.422974 0.403398 0.020021 0.017062 1542
2 0.543934 0.70838 0.13105 0.126994 1585
0 0.550271 0.469672 0.0123795 0.039054 1588
1 0.550554 0.480845 0.0143896 0.0257557 1590
2 0.442475 0.397103 0.0138677 0.0117236 1593
2 0.953956 0.514708 0.0958099 0.058797 1387
2 0.50814 0.406199 0.0237082 0.0162536 1586
2 0.955152 0.477307 0.0676019 0.0360375 1597
