2 0.298048 0.520339 0.0659372 0.055681 647
2 0.201141 0.566076 0.0732639 0.0583358 650
2 0.333455 0.531672 0.0761167 0.0625054 667
0 0.464676 0.524439 0.0135769 0.0585917 723
2 0.251686 0.582189 0.0871531 0.0715409 889
1 0.503197 0.545516 0.0256678 0.040763 1248
0 0.501814 0.529407 0.0159191 0.0629186 1265
1 0.469755 0.540108 0.0129527 0.03152 1271
2 0.368891 0.435788 0.0233046 0.0249802 1382
2 0.352735 0.430522 0.0145645 0.0198638 1418
2 0.34114 0.422885 0.0174379 0.0223256 1448
2 0.429527 0.404398 0.0203061 0.0172925 1542
2 0.700445 0.442829 0.0404984 0.0188477 1582
2 0.424028 0.727913 0.124936 0.129538 1585
0 0.538706 0.47561 0.0116937 0.0358863 1588
1 0.538434 0.488975 0.0143433 0.0255057 1590
2 0.458987 0.399706 0.0160322 0.013866 1593
2 0.534962 0.410391 0.0243927 0.0179428 1563
