2 0.306385 0.517226 0.0634461 0.0529132 647
2 0.206141 0.561658 0.0707004 0.0500132 650
2 0.383815 0.503492 0.0641494 0.0537379 667
0 0.480828 0.509203 0.0150246 0.0553745 1265
2 0.36896 0.436216 0.0237111 0.0253962 1382
2 0.353374 0.430539 0.015137 0.0202793 1418
2 0.341297 0.423337 0.0175433 0.0220215 1448
0 0.581105 0.45313 0.0101749 0.0338514 1588
1 0.579733 0.46248 0.0104628 0.0201226 1590
2 0.45404 0.399449 0.0194755 0.0138384 1586
2 0.794968 0.452871 0.0621407 0.0322383 1597
2 0.832779 0.490946 0.0853512 0.0537884 1526
2 0.973122 0.497128 0.0291999 0.0455455 1599
2 0.692616 0.460421 0.074427 0.0554739 1600
