2 0.301246 0.519441 0.0652408 0.0554802 647
2 0.200779 0.558971 0.0610227 0.0452789 650
2 0.365323 0.513807 0.0691261 0.0573703 667
2 0.265938 0.569589 0.0678171 0.0543556 889
1 0.482274 0.531977 0.0209707 0.0364319 1248
0 0.481069 0.513805 0.0158987 0.0567761 1265
2 0.369077 0.435697 0.0239477 0.0256293 1382
2 0.352847 0.430002 0.0151354 0.0204499 1418
2 0.340492 0.42293 0.0174395 0.022121 1448
2 0.920764 0.723279 0.15617 0.122658 1585
0 0.573414 0.455473 0.00921071 0.0299557 1588
3 0.572941 0.466772 0.0108081 0.0205935 1590
2 0.462825 0.400146 0.019469 0.0135807 1586
2 0.819198 0.455918 0.0628404 0.0324654 1597
2 0.850327 0.494292 0.0837353 0.0526224 1526
