2 0.341347 0.494685 0.0544405 0.0412324 647
2 0.218792 0.559838 0.085212 0.0556284 650
2 0.445889 0.466489 0.0484097 0.0419479 667
2 0.368871 0.435888 0.023681 0.0253401 1382
2 0.352635 0.43067 0.0150734 0.0201528 1418
2 0.340539 0.423043 0.0176756 0.0225048 1448
2 0.432647 0.395563 0.0166479 0.0123238 1586
2 0.742603 0.443753 0.0557521 0.0296941 1597
2 0.812436 0.486827 0.0830488 0.0522531 1526
2 0.899943 0.482318 0.0454458 0.0499697 1599
2 0.341464 0.530147 0.0730356 0.0515523 889
2 0.692099 0.460629 0.0707778 0.0525076 1600
0 0.605582 0.441999 0.00812136 0.0271064 1588
