2 0.38672 0.473154 0.0530814 0.0410288 647
2 0.254585 0.543367 0.0823622 0.0541044 650
2 0.48579 0.438945 0.0332808 0.031776 667
2 0.369119 0.435042 0.0239972 0.0257682 1382
2 0.352807 0.430022 0.0149987 0.0200926 1418
2 0.340739 0.422348 0.0170463 0.0216864 1448
2 0.419771 0.393244 0.0151909 0.0115835 1586
2 0.721723 0.438739 0.0516818 0.0284578 1597
2 0.813776 0.483372 0.076073 0.047111 1526
2 0.86004 0.472704 0.0488671 0.0457117 1599
2 0.40107 0.496713 0.0607818 0.0465767 889
2 0.0445765 0.698614 0.0402755 0.0877193 1606
0 0.529946 0.473468 0.0109953 0.0394237 1609
2 0.692622 0.459985 0.0744413 0.0545993 1600
1 0.624885 0.440306 0.00663649 0.0170752 1588
1 0.56018 0.468688 0.0166855 0.0215239 1610
2 0.0216815 0.646964 0.0201782 0.039466 1617
