2 0.39531 0.468393 0.0517797 0.0405308 647
2 0.264499 0.538027 0.0793543 0.052204 650
2 0.490666 0.432758 0.0339119 0.0335591 667
2 0.368872 0.43546 0.0235916 0.0253115 1382
2 0.352748 0.430203 0.0149853 0.0200631 1418
2 0.340663 0.422436 0.0171768 0.0218589 1448
2 0.417155 0.393208 0.0145476 0.0111562 1586
2 0.719104 0.438512 0.0507869 0.0284064 1597
2 0.814422 0.480155 0.0670228 0.0399074 1526
2 0.85181 0.471825 0.0484828 0.0447134 1599
2 0.412144 0.490083 0.0579056 0.0450648 889
2 0.0545168 0.693956 0.0492022 0.100019 1606
0 0.535915 0.471096 0.0114431 0.0413295 1609
2 0.692632 0.460271 0.074387 0.0545035 1600
1 0.628748 0.439094 0.00693607 0.0168991 1588
1 0.566941 0.466806 0.0150073 0.0192869 1610
