2 0.358522 0.48703 0.054968 0.0416325 647
2 0.229702 0.556086 0.0869863 0.0567061 650
2 0.464772 0.454998 0.042856 0.0380132 667
2 0.368973 0.435926 0.0238042 0.0254738 1382
2 0.352669 0.430946 0.0153073 0.0204742 1418
2 0.34064 0.423226 0.0173663 0.0220907 1448
2 0.427095 0.395458 0.0161878 0.01215 1586
2 0.731441 0.441982 0.0538849 0.0289213 1597
2 0.812797 0.487153 0.0831894 0.052315 1526
2 0.881527 0.478967 0.0471475 0.0471541 1599
2 0.365526 0.518554 0.0716996 0.0524343 889
2 0.0201111 0.710572 0.0241222 0.0601133 1606
0 0.50976 0.48672 0.0128278 0.0463504 1609
2 0.692653 0.461601 0.0721027 0.0531372 1600
0 0.613545 0.440783 0.00801074 0.0246702 1588
1 0.540542 0.479518 0.0197304 0.0251836 1610
