2 0.320428 0.506589 0.0552988 0.0436115 647
2 0.21198 0.562087 0.0790029 0.0528641 650
2 0.414572 0.485433 0.0565698 0.0480586 667
0 0.48744 0.501498 0.0134605 0.0522758 1265
2 0.369051 0.43592 0.0237097 0.025388 1382
2 0.353409 0.43042 0.0152933 0.0203929 1418
2 0.340979 0.423079 0.0177884 0.0224268 1448
2 0.442383 0.397031 0.0185842 0.0135102 1586
2 0.765691 0.448276 0.0588371 0.0308707 1597
2 0.817419 0.48797 0.0836622 0.0526311 1526
2 0.940325 0.491004 0.0376442 0.0497607 1599
2 0.305788 0.542551 0.0585942 0.0407523 889
