2 0.412996 0.458795 0.0469183 0.0376155 647
2 0.286973 0.526348 0.0735195 0.0485793 650
2 0.369249 0.434393 0.0239083 0.0257124 1382
2 0.35313 0.42941 0.0152371 0.020479 1418
2 0.34097 0.422006 0.0170712 0.0216462 1448
2 0.715902 0.436653 0.0488586 0.0284075 1597
2 0.815362 0.481068 0.0713382 0.0407241 1526
2 0.829858 0.466143 0.0490238 0.0407291 1599
2 0.432388 0.476825 0.0509332 0.040826 889
2 0.0789734 0.674072 0.0626371 0.103765 1606
0 0.550371 0.46594 0.0112124 0.0405875 1609
2 0.692971 0.460089 0.0734158 0.0534961 1600
1 0.636559 0.434374 0.00738608 0.0170916 1588
1 0.581836 0.460082 0.0177954 0.0228373 1610
2 0.0864623 0.815543 0.109915 0.131094 1623
2 0.040923 0.649038 0.0933374 0.0820422 1626
