2 0.457898 0.409664 0.0178393 0.0200393 647
2 0.456291 0.432884 0.0285598 0.0232315 650
2 0.369278 0.435069 0.0237032 0.0252624 1382
2 0.352897 0.430063 0.0148212 0.0202006 1418
2 0.341174 0.422124 0.0172721 0.0219041 1448
2 0.711974 0.436368 0.0406419 0.0280893 1597
2 0.816009 0.487336 0.0858259 0.0520074 1526
2 0.773851 0.455271 0.0639725 0.035724 1599
2 0.474835 0.450717 0.0361734 0.0311199 1606
0 0.636184 0.427916 0.00803185 0.0299173 1609
2 0.692842 0.460614 0.0740929 0.0527223 1600
2 0.975754 0.704374 0.138645 0.119262 1623
2 0.334783 0.498126 0.0626751 0.0513359 1626
2 0.814712 0.449725 0.0395725 0.0274817 1627
2 0.327987 0.418991 0.0124727 0.0180516 1634
2 0.180415 0.576483 0.0581666 0.0520245 1638
1 0.562099 0.46372 0.0120485 0.0247051 1644
