2 0.467083 0.421179 0.0222834 0.0228516 647
2 0.419182 0.456746 0.0431019 0.0315663 650
2 0.36851 0.435734 0.0234192 0.0250077 1382
2 0.352504 0.430372 0.0149893 0.0203677 1418
2 0.340422 0.422815 0.0173377 0.0223154 1448
2 0.711088 0.436765 0.0408336 0.0273537 1597
2 0.814909 0.487715 0.0888923 0.0526164 1526
2 0.780535 0.456378 0.0617621 0.0347822 1599
2 0.394121 0.500343 0.0527344 0.0468252 1606
0 0.615361 0.437798 0.00844428 0.0322732 1609
2 0.692281 0.46124 0.0740082 0.0528941 1600
2 0.662278 0.680719 0.14008 0.124702 1623
2 0.237388 0.546923 0.0806872 0.0652457 1626
2 0.841298 0.460169 0.0495444 0.0359 1627
2 0.327478 0.419709 0.012224 0.0174682 1634
2 0.0366989 0.659428 0.0583974 0.0649586 1638
