2 0.462869 0.413138 0.0193895 0.0215258 647
2 0.446281 0.441431 0.0329337 0.025641 650
2 0.368737 0.435936 0.0235618 0.0250585 1382
2 0.352331 0.430851 0.0148026 0.0201802 1418
2 0.340514 0.423119 0.0172798 0.0219525 1448
2 0.711143 0.437027 0.0403161 0.0275816 1597
2 0.815408 0.488635 0.0856815 0.051621 1526
2 0.775006 0.456235 0.0645339 0.0361029 1599
2 0.455017 0.464834 0.0421034 0.0357869 1606
0 0.628492 0.431728 0.00836684 0.0311248 1609
2 0.692271 0.46153 0.0745017 0.0531068 1600
2 0.896687 0.693199 0.162429 0.130717 1623
2 0.304789 0.512142 0.0715507 0.0582053 1626
2 0.820909 0.452845 0.040523 0.0282034 1627
2 0.327361 0.419537 0.0125101 0.0180137 1634
2 0.123522 0.606025 0.0632131 0.0627336 1638
2 0.0690112 0.681767 0.077009 0.0905509 1642
