2 0.467565 0.418382 0.0214079 0.0226324 647
2 0.42779 0.452006 0.039931 0.0296462 650
2 0.368912 0.435211 0.0237555 0.0254281 1382
2 0.352877 0.429917 0.0150592 0.0204946 1418
2 0.341058 0.42202 0.0170848 0.0218696 1448
2 0.711177 0.435903 0.0409311 0.0275034 1597
2 0.815587 0.487081 0.088929 0.0529963 1526
2 0.779208 0.455554 0.0625059 0.0351164 1599
2 0.411937 0.489649 0.0503965 0.0441125 1606
0 0.618932 0.435462 0.00846628 0.0320835 1609
2 0.692642 0.460373 0.0742709 0.0530473 1600
2 0.724442 0.679741 0.145493 0.127654 1623
2 0.25603 0.537916 0.0770777 0.0621833 1626
2 0.835772 0.457801 0.047624 0.0340688 1627
2 0.327928 0.419216 0.0122651 0.0175678 1634
2 0.0498537 0.653334 0.070981 0.0782698 1638
0 0.578966 0.44297 0.00850023 0.0312331 1641
