2 0.436524 0.402324 0.0158557 0.017447 647
2 0.465347 0.416632 0.0196268 0.019204 650
2 0.369686 0.435674 0.0239817 0.025639 1382
2 0.353374 0.430241 0.0147412 0.0200484 1418
2 0.342173 0.422895 0.0174338 0.021943 1448
2 0.712892 0.43652 0.039393 0.0277204 1597
2 0.816804 0.488207 0.0836246 0.0511941 1526
2 0.769573 0.455966 0.0664319 0.0377424 1599
2 0.693216 0.461088 0.0745466 0.0527896 1600
2 0.405681 0.461847 0.0455426 0.0389553 1626
2 0.803596 0.451018 0.0419445 0.0309632 1627
2 0.328461 0.419373 0.0120105 0.0174874 1634
2 0.30321 0.521302 0.059824 0.0482077 1638
0 0.532436 0.466661 0.0169832 0.0362541 1644
2 0.349609 0.531521 0.0692978 0.0562586 1653
1 0.533813 0.479303 0.0159886 0.0269414 1624
2 0.498801 0.425181 0.0127031 0.0232854 1265
