2 0.450277 0.406977 0.0167822 0.018723 647
2 0.461468 0.426815 0.0255636 0.021971 650
2 0.368569 0.435804 0.0234854 0.0249266 1382
2 0.352408 0.430523 0.0149112 0.0203279 1418
2 0.34034 0.422353 0.0169656 0.0214878 1448
2 0.711317 0.436893 0.0397274 0.0276694 1597
2 0.815372 0.488393 0.0850575 0.0518118 1526
2 0.770834 0.455841 0.0651421 0.0364962 1599
0 0.642065 0.425325 0.00765158 0.028967 1609
2 0.692071 0.460934 0.0740821 0.0526619 1600
2 0.360667 0.484933 0.0573158 0.047523 1626
2 0.807962 0.450685 0.0415117 0.0293406 1627
2 0.327354 0.419732 0.0122343 0.0176897 1634
2 0.227251 0.558513 0.0655456 0.0549175 1638
1 0.552919 0.469083 0.0121261 0.0247394 1644
2 0.483617 0.44313 0.0152869 0.0287048 1265
