2 0.44737 0.405335 0.0164827 0.0183296 647
2 0.463913 0.423053 0.0239436 0.0212647 650
2 0.369351 0.435182 0.0239845 0.0255465 1382
2 0.353189 0.429888 0.0149489 0.0203876 1418
2 0.341355 0.422158 0.0173816 0.0220095 1448
2 0.712322 0.43564 0.0397632 0.0277654 1597
2 0.816298 0.48691 0.0854204 0.0521731 1526
2 0.771227 0.454978 0.0645967 0.0361992 1599
2 0.692971 0.459834 0.0749239 0.0532688 1600
2 0.373474 0.477801 0.0545513 0.0455634 1626
2 0.807079 0.449451 0.0425039 0.0304429 1627
2 0.32818 0.419206 0.0121333 0.0176279 1634
2 0.250024 0.549168 0.06743 0.0554091 1638
1 0.54852 0.471035 0.0121318 0.0245669 1644
2 0.488963 0.436964 0.0163024 0.027675 1265
0 0.548436 0.459162 0.0107723 0.0342443 1652
