2 0.443939 0.404966 0.01637 0.0181285 647
2 0.465125 0.4211 0.0227112 0.0208851 650
2 0.369419 0.435817 0.024056 0.025682 1382
2 0.353211 0.430434 0.0147246 0.0200828 1418
2 0.341424 0.422792 0.0175571 0.0222221 1448
2 0.712505 0.436375 0.0394494 0.0275939 1597
2 0.816271 0.487703 0.0848312 0.0518992 1526
2 0.770361 0.455567 0.0660222 0.0371719 1599
2 0.692938 0.460261 0.0738641 0.0523892 1600
2 0.384947 0.472526 0.051415 0.0432926 1626
2 0.804812 0.450289 0.0422431 0.0305492 1627
2 0.328288 0.419815 0.0118576 0.0172561 1634
2 0.269664 0.540504 0.0655192 0.0529213 1638
0 0.542781 0.465741 0.0155202 0.0318641 1644
2 0.29791 0.561266 0.0784898 0.0636511 1653
1 0.541901 0.475246 0.0149635 0.025394 1624
