2 0.41683 0.398497 0.0136226 0.0145228 647
2 0.369163 0.435911 0.0237092 0.0250589 1382
2 0.35289 0.430564 0.0148496 0.0202446 1418
2 0.34087 0.422882 0.0178097 0.0222499 1448
2 0.71205 0.437487 0.0388963 0.0276703 1597
2 0.816123 0.489053 0.084419 0.0519509 1526
2 0.768545 0.456563 0.0662778 0.0385989 1599
2 0.692648 0.461604 0.0750766 0.0529078 1600
2 0.445372 0.439672 0.0371772 0.0334769 1626
2 0.803028 0.452249 0.0410468 0.0317564 1627
2 0.327985 0.419589 0.0123591 0.0181772 1634
2 0.385319 0.480541 0.0499513 0.0389329 1638
0 0.504459 0.482424 0.0172125 0.0417692 1644
2 0.437997 0.480035 0.0499299 0.0411545 1653
2 0.966828 0.508232 0.0595748 0.0684321 1655
0 0.664081 0.414863 0.00695426 0.0263641 1657
