2 0.369273 0.435686 0.0236153 0.0250904 1382
2 0.353368 0.430186 0.015014 0.0203165 1418
2 0.341131 0.422267 0.0178923 0.0222108 1448
2 0.712864 0.436875 0.0387703 0.0277131 1597
2 0.816402 0.48805 0.0840581 0.0519389 1526
2 0.769492 0.456106 0.0650121 0.0382008 1599
2 0.692978 0.461042 0.0755161 0.0534554 1600
2 0.463244 0.426375 0.0281525 0.0276002 1626
2 0.804146 0.451845 0.0401474 0.0315447 1627
2 0.328337 0.419582 0.0113309 0.0168937 1634
2 0.42929 0.456033 0.0399663 0.0313356 1638
1 0.483827 0.51578 0.0143114 0.0348844 1644
2 0.476951 0.45444 0.0381635 0.0328466 1653
2 0.966211 0.506386 0.0626663 0.0709834 1655
0 0.662289 0.411791 0.00643196 0.0242289 1657
2 0.466346 0.404235 0.0154936 0.0156936 1658
0 0.484105 0.499707 0.0127698 0.0455045 1659
