2 0.369217 0.435956 0.0234952 0.0249986 1382
2 0.353412 0.430254 0.0150546 0.0202852 1418
2 0.341338 0.422513 0.0179851 0.02233 1448
2 0.712605 0.436992 0.0388547 0.0278333 1597
2 0.816346 0.488312 0.0836351 0.0517575 1526
2 0.769419 0.456243 0.0647902 0.0382358 1599
2 0.692683 0.460912 0.0756516 0.0536145 1600
2 0.467203 0.420924 0.0247838 0.0256901 1626
2 0.803592 0.451851 0.0400905 0.0316475 1627
2 0.328006 0.419751 0.0116337 0.0172942 1634
2 0.445021 0.447627 0.0350056 0.0277546 1638
1 0.474365 0.52672 0.0141935 0.0354403 1644
2 0.489732 0.444903 0.0338123 0.0307256 1653
2 0.965665 0.511305 0.055687 0.0610113 1655
2 0.456323 0.401404 0.0146485 0.0146365 1658
0 0.476322 0.507841 0.0129489 0.0461802 1659
