2 0.369284 0.435978 0.0236705 0.0253658 1382
2 0.353107 0.430703 0.0149826 0.0201977 1418
2 0.341829 0.423292 0.0174864 0.021259 1448
2 0.712613 0.437252 0.0386522 0.0276343 1597
2 0.816118 0.488239 0.0837138 0.0518278 1526
2 0.769663 0.456661 0.0644611 0.0382298 1599
2 0.692946 0.461817 0.0746047 0.0526923 1600
2 0.458227 0.40886 0.0171231 0.019559 1626
2 0.805536 0.452271 0.0384417 0.0313101 1627
2 0.328302 0.419766 0.0118433 0.0176371 1634
2 0.470688 0.422012 0.0233205 0.0217696 1638
2 0.506701 0.421509 0.0208858 0.0237213 1653
2 0.966249 0.512415 0.0604454 0.0595245 1655
2 0.425641 0.395809 0.012003 0.0110038 1658
2 0.954218 0.488218 0.0869588 0.0412459 1660
1 0.495456 0.568922 0.0173327 0.0429156 1661
0 0.495088 0.546367 0.0159895 0.0588262 1662
