2 0.369654 0.435803 0.0234773 0.0251415 1382
2 0.353296 0.43032 0.0149166 0.0200954 1418
2 0.341765 0.423001 0.0177201 0.0216476 1448
2 0.713131 0.436482 0.0386593 0.0276152 1597
2 0.817095 0.487665 0.0829836 0.0513817 1526
2 0.770173 0.455922 0.0638529 0.0378498 1599
2 0.693302 0.460949 0.0748373 0.0528398 1600
2 0.45538 0.407367 0.0169487 0.0193653 1626
2 0.806766 0.450156 0.0375517 0.0306921 1627
2 0.328588 0.419382 0.0119356 0.0178452 1634
2 0.471167 0.419116 0.0215849 0.0207677 1638
2 0.506002 0.418305 0.0201228 0.0233662 1653
2 0.966846 0.511294 0.0599606 0.0584808 1655
2 0.423076 0.394369 0.0126362 0.0112658 1658
2 0.953456 0.486527 0.0862606 0.0406931 1660
1 0.503099 0.57452 0.0190171 0.0466146 1661
0 0.503195 0.553087 0.0161054 0.0590378 1662
