2 0.369603 0.43575 0.0233075 0.0249791 1382
2 0.353368 0.430353 0.0150873 0.0203491 1418
2 0.342266 0.423162 0.0173527 0.0209529 1448
2 0.712762 0.43637 0.038706 0.0276434 1597
2 0.816787 0.487417 0.0837603 0.0520243 1526
2 0.769985 0.455918 0.0633459 0.037646 1599
2 0.693121 0.460837 0.0748692 0.0528643 1600
2 0.44339 0.404303 0.0157986 0.0175468 1626
2 0.805579 0.451247 0.0386555 0.0316328 1627
2 0.328555 0.419377 0.0118955 0.0178337 1634
2 0.96667 0.510601 0.0597311 0.0562357 1655
2 0.413441 0.392622 0.0128447 0.0114457 1658
2 0.950017 0.485456 0.0887882 0.0409769 1660
1 0.528368 0.59797 0.0226391 0.0537445 1661
0 0.528287 0.578001 0.0180765 0.0653117 1662
2 0.464041 0.414362 0.0141545 0.0181297 1664
2 0.500588 0.414834 0.0135566 0.019232 1665
