2 0.369011 0.436015 0.0233677 0.0250096 1382
2 0.352837 0.430782 0.015007 0.0202801 1418
2 0.340975 0.423342 0.0178313 0.0216859 1448
2 0.71235 0.437096 0.0386067 0.0276035 1597
2 0.816026 0.488457 0.0831951 0.0516416 1526
2 0.769143 0.456442 0.0640505 0.0381818 1599
2 0.692529 0.461639 0.0752461 0.0531937 1600
2 0.438779 0.403932 0.0154406 0.0170423 1626
2 0.804744 0.452172 0.0389961 0.0320094 1627
2 0.327781 0.419927 0.0118751 0.0177423 1634
2 0.965847 0.511682 0.0602381 0.0559152 1655
2 0.947239 0.485996 0.0890334 0.0407273 1660
1 0.536996 0.60829 0.0225585 0.0523866 1661
0 0.538036 0.586625 0.0194354 0.0689172 1662
2 0.460101 0.413128 0.0139682 0.0177281 1664
2 0.495414 0.412928 0.0136236 0.019236 1665
