2 0.369192 0.435882 0.0232176 0.0248097 1382
2 0.352932 0.430499 0.0148423 0.0201131 1418
2 0.34176 0.423353 0.0175413 0.0211972 1448
2 0.712708 0.436711 0.0386456 0.0276678 1597
2 0.816292 0.487842 0.0832734 0.0516996 1526
2 0.769388 0.456203 0.0634107 0.0378073 1599
2 0.692727 0.461175 0.0749214 0.0529511 1600
2 0.433748 0.40218 0.0161217 0.0176247 1626
2 0.804917 0.451768 0.0389362 0.0319935 1627
2 0.328179 0.41972 0.0118702 0.0178116 1634
2 0.966148 0.511311 0.0612461 0.0563755 1655
2 0.945136 0.485159 0.0895445 0.0407252 1660
1 0.546613 0.618243 0.0230928 0.052619 1661
0 0.546839 0.594413 0.0202245 0.0709949 1662
2 0.45699 0.41138 0.0132394 0.0165768 1664
2 0.492811 0.410641 0.0129421 0.0181884 1665
