2 0.369613 0.436149 0.0237502 0.0253606 1382
2 0.353113 0.430897 0.0148012 0.020186 1418
2 0.341737 0.423495 0.0177177 0.0215075 1448
2 0.71261 0.43746 0.0389823 0.0279046 1597
2 0.816456 0.488822 0.0827586 0.051187 1526
2 0.77013 0.456801 0.064175 0.0383023 1599
2 0.693047 0.46142 0.0742066 0.0521071 1600
2 0.805141 0.452334 0.0390491 0.0319706 1627
2 0.328455 0.420029 0.0117679 0.0173889 1634
2 0.96593 0.513951 0.0653776 0.0573525 1655
2 0.929197 0.484829 0.0969299 0.0432951 1660
2 0.423434 0.401465 0.0118913 0.012005 1664
2 0.458471 0.400326 0.0121033 0.0140215 1665
