2 0.368965 0.435954 0.0235848 0.0251431 1382
2 0.352782 0.430776 0.0149703 0.0202959 1418
2 0.341348 0.423285 0.0174328 0.0210817 1448
2 0.712103 0.437023 0.0387711 0.0277252 1597
2 0.81605 0.488464 0.0823772 0.0510641 1526
2 0.768974 0.456319 0.0637536 0.0380753 1599
2 0.692448 0.461269 0.0747664 0.0528296 1600
2 0.804596 0.452314 0.0391009 0.032104 1627
2 0.327594 0.419808 0.0117594 0.0174177 1634
2 0.965846 0.512686 0.064007 0.0576219 1655
2 0.938992 0.484885 0.0922697 0.0411377 1660
1 0.571948 0.650028 0.0269774 0.0598036 1661
0 0.57399 0.624065 0.023105 0.0793678 1662
2 0.445572 0.407018 0.0124272 0.0146159 1664
2 0.481503 0.407198 0.0122382 0.0168655 1665
2 0.420227 0.400521 0.0152208 0.0163909 1626
