2 0.36965 0.436512 0.0235946 0.0252648 1382
2 0.35351 0.431268 0.0151981 0.0208834 1418
2 0.341617 0.423793 0.0174388 0.0213235 1448
2 0.712651 0.437176 0.0384254 0.0274609 1597
2 0.816548 0.48823 0.0835704 0.0516238 1526
2 0.770197 0.456563 0.063716 0.038 1599
2 0.693185 0.461885 0.0755652 0.0530065 1600
2 0.805714 0.452093 0.0385804 0.031547 1627
2 0.328559 0.420918 0.0115229 0.0171302 1634
2 0.966052 0.51187 0.0663118 0.057627 1655
2 0.925994 0.484413 0.0987426 0.0452619 1660
2 0.442178 0.397837 0.0122857 0.0129401 1665
0 0.673492 0.786803 0.0404192 0.088018 1661
