2 0.365706 0.436021 0.0238597 0.0255832 1382
2 0.34919 0.431398 0.0145986 0.0202835 1418
2 0.33762 0.423519 0.0172605 0.0216461 1448
2 0.70842 0.436156 0.0388003 0.0279241 1597
2 0.811444 0.486457 0.0828583 0.0514192 1526
2 0.765049 0.45505 0.0624393 0.0369554 1599
2 0.689047 0.460447 0.0752963 0.0530221 1600
2 0.801435 0.450625 0.0372336 0.0312626 1627
2 0.324362 0.420697 0.0120486 0.0176914 1634
2 0.962646 0.509642 0.0721592 0.0613809 1655
2 0.905728 0.48088 0.101914 0.0514564 1660
2 0.463362 0.414508 0.0193382 0.0213472 1676
