2 0.366724 0.43696 0.0239176 0.0256851 1382
2 0.350336 0.431462 0.01502 0.0206578 1418
2 0.338751 0.423937 0.0170693 0.0213338 1448
2 0.710114 0.436096 0.0382184 0.0274729 1597
2 0.812817 0.486702 0.0834125 0.0517551 1526
2 0.766208 0.454937 0.0623798 0.0369831 1599
2 0.690108 0.460515 0.0764095 0.0536006 1600
2 0.802791 0.450466 0.037838 0.0315415 1627
2 0.325319 0.421164 0.0120806 0.0176517 1634
2 0.963588 0.509822 0.0705463 0.0604475 1655
2 0.911726 0.481938 0.0996707 0.0491602 1660
2 0.411249 0.393711 0.0118908 0.0112646 1665
2 0.458338 0.429226 0.0263738 0.0259219 1676
