2 0.36603 0.43601 0.0238588 0.0254387 1382
2 0.349432 0.430911 0.0144227 0.0202815 1418
2 0.337931 0.423567 0.0170255 0.0213767 1448
2 0.70871 0.436235 0.0392551 0.0284445 1597
2 0.811687 0.486627 0.0827184 0.0511346 1526
2 0.765253 0.455136 0.062621 0.0369794 1599
2 0.689447 0.460457 0.0753462 0.053134 1600
2 0.80106 0.45095 0.0374964 0.0313792 1627
2 0.324607 0.420619 0.0116656 0.0173423 1634
2 0.96303 0.510139 0.0725531 0.0610012 1655
2 0.902784 0.481619 0.0959928 0.0499826 1660
2 0.439908 0.402233 0.0149001 0.017109 1676
2 0.257827 0.780288 0.241372 0.139224 1680
2 0.310296 0.413222 0.0103343 0.0156233 1682
