2 0.365837 0.435695 0.0244025 0.0258929 1382
2 0.349009 0.430564 0.0144428 0.0203429 1418
2 0.337557 0.42331 0.0173182 0.0218092 1448
2 0.708676 0.43577 0.0375572 0.0271964 1597
2 0.811517 0.486584 0.0818653 0.0503875 1526
2 0.765243 0.454737 0.0632547 0.0371323 1599
2 0.689095 0.459662 0.0751239 0.0529695 1600
2 0.80024 0.450247 0.037869 0.0310564 1627
2 0.324305 0.419738 0.011583 0.0172531 1634
2 0.963014 0.509684 0.0716075 0.0594682 1655
2 0.902247 0.481257 0.0955398 0.0504919 1660
2 0.309948 0.412878 0.0103634 0.0158204 1682
2 0.45271 0.435032 0.0300684 0.0248523 1697
