2 0.365986 0.43601 0.0239169 0.0253587 1382
2 0.349397 0.430866 0.0143661 0.0202727 1418
2 0.337785 0.423415 0.0171513 0.0216083 1448
2 0.70903 0.43571 0.0375715 0.0274379 1597
2 0.811914 0.486485 0.0822285 0.0506885 1526
2 0.765685 0.454781 0.0630857 0.0369897 1599
2 0.689343 0.459874 0.0751242 0.0529197 1600
2 0.79914 0.449487 0.0382322 0.0311757 1627
2 0.3246 0.419638 0.0126025 0.0188564 1634
2 0.96312 0.509433 0.0723284 0.0603937 1655
2 0.902411 0.48115 0.0953942 0.0502315 1660
2 0.841523 0.706481 0.202911 0.122979 1680
2 0.310265 0.412955 0.0103642 0.0157909 1682
2 0.425819 0.454045 0.0374336 0.0304091 1697
