2 0.365947 0.435862 0.0239358 0.0253441 1382
2 0.349251 0.430806 0.0142701 0.0200912 1418
2 0.337809 0.423455 0.0172525 0.0217613 1448
2 0.70884 0.435823 0.037552 0.0273342 1597
2 0.811852 0.486465 0.0825978 0.0509294 1526
2 0.765367 0.45483 0.0636098 0.0373792 1599
2 0.689297 0.460395 0.0750873 0.0528681 1600
2 0.800533 0.450405 0.0383596 0.0314257 1627
2 0.324537 0.419484 0.0123493 0.0185004 1634
2 0.963467 0.50999 0.0723094 0.0603429 1655
2 0.902114 0.48147 0.0950001 0.0500357 1660
2 0.90413 0.716032 0.204481 0.124791 1680
2 0.310115 0.412866 0.0103009 0.0157514 1682
2 0.437219 0.44709 0.0333141 0.0270931 1697
