2 0.365614 0.436085 0.0235883 0.0251172 1382
2 0.348974 0.430978 0.0144331 0.0202382 1418
2 0.337418 0.423456 0.0172928 0.0218638 1448
2 0.708316 0.436285 0.0389308 0.0278238 1597
2 0.811428 0.487032 0.0830766 0.0508976 1526
2 0.765056 0.45543 0.0624686 0.0365129 1599
2 0.689344 0.460458 0.0749332 0.053146 1600
2 0.799927 0.450963 0.0374304 0.0312457 1627
2 0.324228 0.420318 0.0116977 0.0174809 1634
2 0.962848 0.510333 0.0731712 0.0608774 1655
2 0.901928 0.481766 0.0939231 0.049663 1660
2 0.309921 0.413312 0.0101779 0.0155047 1682
2 0.460718 0.416476 0.0212535 0.0216061 1703
2 0.442347 0.404557 0.013908 0.0148713 1704
