2 0.365588 0.436257 0.0237977 0.0252792 1382
2 0.348966 0.431113 0.0143845 0.0202563 1418
2 0.337375 0.423605 0.0170926 0.0215751 1448
2 0.707955 0.436148 0.0384858 0.0274683 1597
2 0.811085 0.487167 0.0818388 0.0501054 1526
2 0.765 0.45536 0.0628058 0.0369168 1599
2 0.689034 0.460599 0.0749844 0.0531337 1600
2 0.802115 0.449318 0.0347983 0.0295513 1627
2 0.324136 0.420548 0.0117208 0.0176918 1634
2 0.962917 0.511898 0.0753181 0.0625191 1655
2 0.90186 0.482058 0.0939849 0.0496207 1660
2 0.309624 0.413412 0.0101672 0.0156041 1682
2 0.460687 0.411357 0.0174795 0.0167298 1697
2 0.446706 0.434357 0.0321701 0.0295406 1703
