2 0.365374 0.436404 0.0240573 0.0256155 1382
2 0.349117 0.431302 0.0145429 0.020474 1418
2 0.337378 0.423845 0.0169779 0.0214834 1448
2 0.707604 0.436571 0.0386077 0.0277023 1597
2 0.811153 0.48737 0.0818075 0.0501515 1526
2 0.765115 0.455753 0.0634054 0.0372881 1599
2 0.68899 0.460702 0.0753652 0.0533473 1600
2 0.800917 0.450991 0.036335 0.030561 1627
2 0.324145 0.420764 0.0116993 0.0175503 1634
2 0.962695 0.511762 0.0741205 0.0612911 1655
2 0.9017 0.482478 0.0939317 0.0495655 1660
2 0.30966 0.413603 0.0101686 0.0156072 1682
2 0.464021 0.416371 0.0213997 0.0197953 1697
2 0.430508 0.44595 0.0345464 0.0311111 1703
