2 0.365729 0.436139 0.0240438 0.0255585 1382
2 0.349301 0.430888 0.0144742 0.0203919 1418
2 0.337708 0.423619 0.0171188 0.0216767 1448
2 0.708318 0.436204 0.0380566 0.0273397 1597
2 0.81149 0.487179 0.0820313 0.0503531 1526
2 0.76534 0.455445 0.0630772 0.0370697 1599
2 0.689342 0.460659 0.0751783 0.0531396 1600
2 0.801583 0.450168 0.0366376 0.0307415 1627
2 0.324365 0.420143 0.0119337 0.0179591 1634
2 0.962717 0.510419 0.0732543 0.0605524 1655
2 0.902142 0.482155 0.0943662 0.0498314 1660
2 0.309959 0.41325 0.010252 0.0157241 1682
2 0.464338 0.418683 0.0232639 0.0209388 1697
2 0.419645 0.451868 0.0375755 0.033747 1703
