2 0.365949 0.435434 0.0236179 0.0251977 1382
2 0.349504 0.430142 0.014749 0.0206811 1418
2 0.337639 0.422833 0.0174198 0.022087 1448
2 0.708361 0.434972 0.0390017 0.0279933 1597
2 0.812065 0.485612 0.0826072 0.0504913 1526
2 0.765152 0.453913 0.0637548 0.0372415 1599
2 0.689247 0.459195 0.0745431 0.0526994 1600
2 0.799577 0.449155 0.0376674 0.0311677 1627
2 0.324409 0.419689 0.0119036 0.0177741 1634
2 0.963423 0.509932 0.0735381 0.0611175 1655
2 0.90267 0.480528 0.0944494 0.0500978 1660
2 0.310104 0.412832 0.01035 0.0159954 1682
2 0.446812 0.404973 0.0162459 0.0175792 1703
2 0.414459 0.397484 0.0132163 0.0134493 1704
