2 0.366361 0.435311 0.0236722 0.0252009 1382
2 0.349848 0.429964 0.0148918 0.0209181 1418
2 0.337807 0.422714 0.0175736 0.0223843 1448
2 0.708827 0.434492 0.0386905 0.0277771 1597
2 0.812599 0.484951 0.0836219 0.0512239 1526
2 0.765756 0.453404 0.0636375 0.0370905 1599
2 0.689674 0.459058 0.0744686 0.0525703 1600
2 0.800768 0.44866 0.0380433 0.0315978 1627
2 0.324746 0.419475 0.0118546 0.0176908 1634
2 0.96351 0.508336 0.0718824 0.0596636 1655
2 0.90307 0.479899 0.094507 0.0500977 1660
2 0.31045 0.412592 0.0102527 0.0159092 1682
2 0.443111 0.403383 0.0161431 0.017424 1703
