2 0.36631 0.435636 0.0238237 0.0254228 1382
2 0.34975 0.430448 0.0145448 0.020521 1418
2 0.338513 0.422923 0.0171341 0.0217 1448
2 0.708787 0.434434 0.0386306 0.0275849 1597
2 0.812629 0.484888 0.0821783 0.0503268 1526
2 0.766314 0.453136 0.0637526 0.0370937 1599
2 0.689651 0.459018 0.0747214 0.0526473 1600
2 0.800346 0.4481 0.0375793 0.0312421 1627
2 0.325089 0.419612 0.0122418 0.0185108 1634
2 0.96355 0.507744 0.0729595 0.0608055 1655
2 0.903287 0.479745 0.0934684 0.0494906 1660
2 0.310498 0.412778 0.01012 0.0157702 1682
2 0.429783 0.399714 0.0155456 0.0166239 1703
