2 0.366528 0.437066 0.0239418 0.025587 1382
2 0.349861 0.432013 0.0143661 0.0203008 1418
2 0.338532 0.424238 0.0168282 0.0212626 1448
2 0.709271 0.435965 0.0384301 0.0273844 1597
2 0.812278 0.486671 0.0827201 0.0505993 1526
2 0.766304 0.454787 0.0640434 0.0372978 1599
2 0.689896 0.460399 0.0753172 0.0530863 1600
2 0.800291 0.448769 0.037848 0.0310046 1627
2 0.325083 0.421625 0.0116773 0.0175196 1634
2 0.96371 0.509655 0.0727794 0.0608509 1655
2 0.903285 0.481042 0.09454 0.0500147 1660
2 0.311485 0.414973 0.00999794 0.0154368 1682
2 0.178823 0.792435 0.134176 0.13982 1716
2 0.437355 0.444395 0.0368962 0.0324951 1717
2 0.412258 0.398914 0.0132793 0.0139852 1703
