2 0.36266 0.439112 0.0237852 0.0253207 1382
2 0.34601 0.433913 0.0140695 0.0198072 1418
2 0.334385 0.426763 0.0175438 0.022319 1448
2 0.704732 0.436383 0.038657 0.0274626 1597
2 0.807728 0.486069 0.0817123 0.0499536 1526
2 0.761651 0.454852 0.063721 0.0373004 1599
2 0.685428 0.460676 0.075225 0.0529536 1600
2 0.796569 0.449632 0.0372732 0.0308618 1627
2 0.960445 0.508577 0.0749069 0.061777 1655
2 0.897693 0.480088 0.0935951 0.0491955 1660
2 0.313084 0.42037 0.00998332 0.0151834 1682
2 0.381958 0.736579 0.140875 0.132552 1716
2 0.456979 0.427452 0.029617 0.0274958 1717
2 0.322127 0.423863 0.0116995 0.0174364 1634
