2 0.363912 0.438383 0.0237453 0.0253469 1382
2 0.347272 0.432846 0.0143438 0.0201634 1418
2 0.335633 0.425909 0.0171285 0.0216495 1448
2 0.705878 0.435879 0.0386635 0.027453 1597
2 0.809225 0.485786 0.0823936 0.0503706 1526
2 0.762855 0.454406 0.0631301 0.0370145 1599
2 0.686886 0.460032 0.0747089 0.0524777 1600
2 0.79867 0.449962 0.0374857 0.0313097 1627
2 0.961602 0.50837 0.073406 0.0601989 1655
2 0.899414 0.480221 0.0947933 0.0499904 1660
2 0.314794 0.419474 0.00990906 0.0147663 1682
2 0.472397 0.714528 0.141529 0.127674 1716
2 0.460553 0.420166 0.0260432 0.0253959 1717
2 0.322574 0.4226 0.01186 0.0177084 1634
