2 0.363794 0.438736 0.0236626 0.0253334 1382
2 0.347365 0.433063 0.0143579 0.0201768 1418
2 0.335881 0.42623 0.0173586 0.0218518 1448
2 0.706219 0.435778 0.0384995 0.0272814 1597
2 0.809342 0.486151 0.0827659 0.050636 1526
2 0.763089 0.454724 0.0632585 0.0371134 1599
2 0.687021 0.460377 0.0752888 0.0528918 1600
2 0.797926 0.450359 0.0375862 0.0312877 1627
2 0.961619 0.509028 0.0738632 0.0604522 1655
2 0.899821 0.480527 0.0933407 0.0491672 1660
2 0.314973 0.419548 0.0100422 0.0148433 1682
2 0.516747 0.707241 0.142481 0.126172 1716
2 0.460774 0.418013 0.024065 0.0240574 1717
2 0.322662 0.422521 0.0120504 0.018074 1634
