2 0.363899 0.439516 0.0233648 0.025001 1382
2 0.347164 0.434101 0.014354 0.0197497 1418
2 0.335633 0.427069 0.0176299 0.0221187 1448
2 0.705977 0.436454 0.0387767 0.0274906 1597
2 0.809258 0.486591 0.0812925 0.0496156 1526
2 0.763066 0.455286 0.0631331 0.0369401 1599
2 0.686865 0.460985 0.0751733 0.0527108 1600
2 0.798001 0.450027 0.0365881 0.0307798 1627
2 0.961358 0.508495 0.0749042 0.060277 1655
2 0.899257 0.480645 0.0941377 0.0491947 1660
2 0.314706 0.420388 0.010538 0.0148823 1682
2 0.322528 0.423414 0.011466 0.0170314 1634
0 0.802174 0.860571 0.0743701 0.133411 1728
1 0.778573 0.883616 0.173356 0.144584 1727
2 0.196021 0.790258 0.219607 0.134138 1730
