2 0.36402 0.4392 0.02367 0.0253555 1382
2 0.347261 0.433981 0.0143583 0.0197038 1418
2 0.335648 0.426796 0.0176743 0.0221899 1448
2 0.70586 0.436549 0.0387929 0.0275912 1597
2 0.809105 0.486754 0.0818404 0.0498884 1526
2 0.762945 0.455607 0.0630299 0.0368495 1599
2 0.686859 0.460619 0.0743942 0.0520156 1600
2 0.799016 0.449306 0.0353428 0.0299541 1627
2 0.961394 0.509144 0.0764115 0.0614609 1655
2 0.898843 0.481001 0.0953897 0.0498275 1660
2 0.314662 0.420063 0.0105501 0.0148743 1682
2 0.322593 0.42302 0.0118029 0.0175362 1634
0 0.798155 0.858704 0.0700511 0.134575 1728
1 0.772812 0.869132 0.178401 0.16587 1727
2 0.376596 0.737245 0.206109 0.127415 1730
1 0.79356 0.908689 0.0731741 0.0955585 1731
