2 0.363829 0.439319 0.0234866 0.0250931 1382
2 0.347029 0.434012 0.0142928 0.019654 1418
2 0.335547 0.426816 0.0176267 0.0221026 1448
2 0.70624 0.43645 0.038246 0.0272367 1597
2 0.809202 0.48661 0.0821795 0.0502376 1526
2 0.762879 0.455242 0.0628501 0.0367571 1599
2 0.686745 0.460902 0.075187 0.0527011 1600
2 0.798245 0.450153 0.0366683 0.0309324 1627
2 0.961204 0.508277 0.0748298 0.0600651 1655
2 0.898664 0.480772 0.0945267 0.0493862 1660
2 0.314488 0.420167 0.0106687 0.0150779 1682
2 0.322371 0.423455 0.0116446 0.0173313 1634
0 0.802522 0.859501 0.0741576 0.135298 1728
1 0.773894 0.87451 0.182401 0.1578 1727
2 0.254617 0.772284 0.214533 0.131316 1730
1 0.794314 0.910161 0.0723115 0.0945372 1731
