2 0.363599 0.438996 0.0236346 0.0254113 1382
2 0.346802 0.433854 0.0143002 0.0196366 1418
2 0.335284 0.426659 0.0178422 0.0224312 1448
2 0.705611 0.436101 0.0387424 0.0274057 1597
2 0.808921 0.485996 0.0822037 0.0502226 1526
2 0.762866 0.454818 0.0623624 0.0365028 1599
2 0.686518 0.460579 0.0751657 0.0526976 1600
2 0.797684 0.449928 0.0369517 0.0312482 1627
2 0.961065 0.507733 0.075058 0.0605244 1655
2 0.8988 0.480347 0.0933434 0.0488055 1660
2 0.314327 0.419988 0.0104247 0.0148247 1682
2 0.415818 0.400399 0.0156185 0.0166207 1717
2 0.322105 0.422837 0.0117851 0.0176744 1634
0 0.806581 0.868879 0.0770448 0.132871 1728
1 0.794702 0.909625 0.14517 0.113276 1727
