2 0.364374 0.439104 0.0235434 0.0252287 1382
2 0.347783 0.433831 0.0145554 0.0199766 1418
2 0.336154 0.426589 0.0176441 0.0221447 1448
2 0.706544 0.436746 0.0387602 0.0275339 1597
2 0.809738 0.487263 0.0818722 0.0498629 1526
2 0.763435 0.455745 0.0637055 0.037252 1599
2 0.687252 0.460766 0.0741456 0.0517139 1600
2 0.799069 0.450048 0.0355627 0.0302374 1627
2 0.961767 0.510521 0.0773066 0.0626015 1655
2 0.899487 0.481309 0.0942678 0.0492597 1660
2 0.314947 0.420013 0.0107609 0.0151227 1682
2 0.322809 0.423019 0.011965 0.0178084 1634
0 0.796615 0.85817 0.0634459 0.131271 1728
1 0.772072 0.86687 0.159339 0.162738 1727
2 0.535609 0.699226 0.190041 0.120889 1730
1 0.795858 0.900227 0.0766376 0.101238 1731
