2 0.364505 0.438961 0.0237361 0.0254476 1382
2 0.348362 0.433895 0.0147214 0.0201751 1418
2 0.336547 0.426137 0.0176425 0.0221085 1448
2 0.706727 0.436708 0.0388847 0.0276454 1597
2 0.809922 0.487165 0.0828332 0.0505211 1526
2 0.763507 0.455766 0.0631458 0.0368907 1599
2 0.687326 0.460975 0.0751265 0.0525069 1600
2 0.799411 0.449183 0.0354364 0.0301901 1627
2 0.961728 0.508843 0.0756852 0.0611118 1655
2 0.900089 0.481229 0.0943774 0.0493512 1660
2 0.315246 0.41979 0.0105399 0.0147559 1682
2 0.323038 0.422763 0.0119839 0.0178232 1634
0 0.797262 0.858727 0.0653996 0.132107 1728
1 0.772722 0.867701 0.165505 0.164167 1727
2 0.483354 0.70974 0.195703 0.123194 1730
1 0.795676 0.902234 0.0759317 0.0996479 1731
