2 0.364088 0.439103 0.0230169 0.0248782 1382
2 0.347425 0.43355 0.0144612 0.0200723 1418
2 0.33593 0.426465 0.0177219 0.0219822 1448
2 0.706421 0.436354 0.0384943 0.0274627 1597
2 0.809374 0.486579 0.0819057 0.0500433 1526
2 0.76309 0.455368 0.0631271 0.0369438 1599
2 0.686838 0.460187 0.0752007 0.0525124 1600
2 0.797078 0.450293 0.038107 0.030863 1627
2 0.961545 0.509434 0.0751181 0.0603762 1655
2 0.899492 0.481061 0.0942596 0.0491176 1660
2 0.314873 0.4198 0.0107856 0.015062 1682
2 0.32273 0.423141 0.011579 0.0174926 1634
0 0.801304 0.859413 0.0593611 0.132515 1728
1 0.773929 0.868916 0.122902 0.158594 1727
1 0.788375 0.895684 0.0827207 0.111673 1731
2 0.43128 0.397585 0.0135977 0.0139181 1732
