2 0.364142 0.43914 0.0232933 0.0252417 1382
2 0.347402 0.433788 0.0144704 0.0199899 1418
2 0.336202 0.426619 0.0178414 0.0221496 1448
2 0.706459 0.436517 0.0381507 0.0272185 1597
2 0.809773 0.486714 0.0822933 0.0503326 1526
2 0.763024 0.455629 0.0631519 0.0369031 1599
2 0.687029 0.460059 0.0760441 0.0530529 1600
2 0.797291 0.450608 0.038072 0.0310019 1627
2 0.961522 0.508827 0.0754307 0.0607876 1655
2 0.899889 0.481066 0.094712 0.049485 1660
2 0.314852 0.419781 0.0107424 0.015086 1682
2 0.32286 0.423126 0.0117189 0.0177161 1634
0 0.798913 0.857732 0.0577047 0.132664 1728
1 0.773534 0.867568 0.126996 0.157787 1727
1 0.787559 0.894448 0.0843419 0.112125 1731
2 0.445572 0.399985 0.0149669 0.0158495 1732
