2 0.364489 0.438787 0.0238342 0.0258235 1382
2 0.347518 0.433835 0.014394 0.0199858 1418
2 0.336052 0.426969 0.0177116 0.0220183 1448
2 0.70666 0.436492 0.0388352 0.027709 1597
2 0.809523 0.486844 0.0818038 0.0498363 1526
2 0.763172 0.455571 0.063198 0.0369824 1599
2 0.687217 0.460348 0.074483 0.0519151 1600
2 0.797104 0.450587 0.0387093 0.0311727 1627
2 0.961731 0.509462 0.0749754 0.0601492 1655
2 0.899859 0.481067 0.0944491 0.0492426 1660
2 0.315069 0.419929 0.0106737 0.0148763 1682
2 0.322737 0.423287 0.0116529 0.0175773 1634
0 0.796934 0.859901 0.0593337 0.132908 1728
1 0.773931 0.870969 0.120885 0.159659 1727
1 0.789044 0.895849 0.0819766 0.112315 1731
2 0.422417 0.397269 0.0125649 0.0124609 1732
