2 0.364788 0.438843 0.023404 0.0252815 1382
2 0.348472 0.433465 0.0147779 0.0201307 1418
2 0.336068 0.426061 0.0177264 0.021985 1448
2 0.701233 0.434841 0.0380308 0.0274477 1597
2 0.809906 0.486138 0.082416 0.0503495 1526
2 0.76388 0.45462 0.0633223 0.0369175 1599
2 0.687115 0.460552 0.0749192 0.0523301 1600
2 0.797316 0.448725 0.0380917 0.0310441 1627
2 0.961914 0.508276 0.0750427 0.0601496 1655
2 0.900151 0.480607 0.0941974 0.0491414 1660
2 0.315314 0.419415 0.0106714 0.0147524 1682
2 0.323181 0.422484 0.0117505 0.0179363 1634
0 0.778033 0.833907 0.054333 0.132178 1728
1 0.775319 0.872019 0.0757313 0.1125 1731
2 0.188672 0.75111 0.109871 0.13664 1733
