2 0.364538 0.438337 0.0236197 0.0256058 1382
2 0.347807 0.432746 0.0145579 0.0199922 1418
2 0.335878 0.425652 0.0176091 0.0217984 1448
2 0.706608 0.435834 0.0382396 0.0273648 1597
2 0.809939 0.48603 0.0827335 0.0505289 1526
2 0.763666 0.454724 0.0635172 0.0370304 1599
2 0.68728 0.460024 0.0754288 0.0526283 1600
2 0.798101 0.449712 0.0389954 0.03168 1627
2 0.961927 0.508255 0.074792 0.0600072 1655
2 0.900069 0.479987 0.0944211 0.0491198 1660
2 0.31522 0.41935 0.0106176 0.0146651 1682
2 0.323103 0.42225 0.0118163 0.0177967 1634
0 0.797298 0.853585 0.0605115 0.139491 1728
1 0.791763 0.8935 0.0806978 0.116093 1731
2 0.110378 0.779367 0.0904048 0.141409 1733
