2 0.388025 0.446271 0.0287416 0.0300408 1382
2 0.357659 0.436451 0.0179582 0.0209672 1418
2 0.336135 0.425808 0.0174012 0.0216954 1448
2 0.807278 0.485649 0.0840064 0.0519972 1526
2 0.734104 0.449741 0.0675729 0.0420943 1599
2 0.96161 0.509462 0.0757533 0.0609057 1655
2 0.892611 0.480914 0.0924166 0.0482498 1660
2 0.315176 0.418919 0.0109018 0.0149923 1682
2 0.323372 0.422323 0.011889 0.0178798 1634
0 0.662214 0.679536 0.0342876 0.107209 1728
1 0.670853 0.725623 0.0372129 0.0718648 1731
2 0.345774 0.707662 0.152947 0.128776 1733
2 0.376467 0.426297 0.0219014 0.0212942 1734
2 0.59913 0.429985 0.0477601 0.0264665 1737
