2 0.384258 0.444736 0.0279913 0.0293196 1382
2 0.356208 0.435718 0.0175319 0.0206545 1418
2 0.33615 0.425746 0.0177232 0.0221347 1448
2 0.808386 0.485654 0.0846182 0.0522394 1526
2 0.741891 0.450687 0.0687787 0.0424047 1599
2 0.754162 0.440747 0.033518 0.026072 1627
2 0.961685 0.509279 0.076539 0.0615695 1655
2 0.894679 0.480845 0.0930267 0.0485031 1660
2 0.315117 0.418492 0.0115704 0.0159556 1682
2 0.32321 0.422422 0.0118431 0.0177817 1634
0 0.672394 0.691466 0.035192 0.1069 1728
1 0.676019 0.731559 0.0456309 0.0860005 1731
2 0.34184 0.708585 0.151059 0.129333 1733
2 0.375078 0.425955 0.0217443 0.0210507 1734
2 0.611305 0.432543 0.046063 0.0253779 1737
