2 0.374061 0.441865 0.0259903 0.0274441 1382
2 0.35162 0.434315 0.016557 0.0205588 1418
2 0.335065 0.425732 0.0173954 0.0217929 1448
2 0.808489 0.485019 0.0844386 0.0518041 1526
2 0.754174 0.454173 0.0660783 0.0395658 1599
2 0.776222 0.447205 0.038574 0.0313826 1627
2 0.960657 0.508195 0.0776665 0.0621328 1655
2 0.896692 0.479907 0.0927787 0.0482901 1660
2 0.314069 0.419428 0.0112943 0.0155509 1682
2 0.321775 0.42245 0.0118233 0.0177904 1634
0 0.704294 0.731314 0.0392892 0.116432 1728
1 0.707047 0.773418 0.0519128 0.0935287 1731
2 0.320801 0.712956 0.145075 0.131557 1733
2 0.371041 0.424407 0.019499 0.0187329 1734
2 0.619002 0.423079 0.0264662 0.0207322 1736
