2 0.366586 0.439865 0.0244965 0.025988 1382
2 0.347803 0.434112 0.0149927 0.0198738 1418
2 0.33491 0.426346 0.0176562 0.0220642 1448
2 0.808211 0.486546 0.082124 0.0501762 1526
2 0.760873 0.455288 0.0634914 0.0372804 1599
2 0.793249 0.450157 0.0392955 0.0321184 1627
2 0.96065 0.5089 0.0768145 0.0615136 1655
2 0.898007 0.480336 0.0932816 0.0487457 1660
2 0.313971 0.420046 0.0109967 0.0152049 1682
2 0.321575 0.42321 0.0113228 0.0171457 1634
0 0.741966 0.782457 0.0487258 0.133452 1728
1 0.742052 0.819987 0.064286 0.108285 1731
2 0.272062 0.726603 0.130714 0.132978 1733
2 0.368947 0.424891 0.0190632 0.0184976 1734
