2 0.392281 0.447473 0.0295325 0.0308115 1382
2 0.359418 0.436913 0.0185935 0.0214417 1418
2 0.33626 0.425357 0.0174745 0.0217835 1448
2 0.805583 0.48484 0.0832351 0.0516011 1526
2 0.726101 0.44793 0.0668205 0.0421656 1599
2 0.961339 0.509086 0.0762925 0.0613699 1655
2 0.890172 0.4803 0.0904446 0.0471454 1660
2 0.31587 0.418348 0.011328 0.0152809 1682
2 0.323465 0.422249 0.0118093 0.0177114 1634
1 0.663318 0.712867 0.0325881 0.0652379 1731
2 0.348651 0.706888 0.155372 0.128814 1733
2 0.378068 0.426444 0.0219826 0.0214117 1734
2 0.588124 0.428203 0.0453653 0.0253046 1737
