2 0.450129 0.466878 0.0424355 0.0426999 1382
2 0.383858 0.446555 0.0239842 0.0254794 1418
2 0.340875 0.427254 0.0182138 0.0222257 1448
2 0.775033 0.479348 0.08027 0.0509539 1526
2 0.634026 0.428927 0.0480757 0.0306934 1599
2 0.958993 0.504002 0.0907145 0.0732428 1655
2 0.832342 0.468253 0.0822599 0.0457244 1660
2 0.318177 0.419431 0.0127602 0.0163772 1682
2 0.326669 0.423925 0.0123446 0.0180207 1634
2 0.347463 0.708036 0.16825 0.129368 1733
2 0.400999 0.43331 0.0250552 0.0248377 1734
2 0.36128 0.42352 0.0192755 0.0174686 1740
2 0.625615 0.449064 0.0740691 0.0511187 1741
1 0.567774 0.621644 0.0150241 0.0556616 1742
0 0.567195 0.599846 0.0226482 0.0852668 1743
2 0.479472 0.405374 0.0238926 0.0150356 1738
