2 0.422391 0.457571 0.0357038 0.0365623 1382
2 0.371893 0.44186 0.0216773 0.0237912 1418
2 0.338096 0.425958 0.0176405 0.0219243 1448
2 0.788009 0.481574 0.081669 0.0509761 1526
2 0.675597 0.441131 0.0526317 0.0341915 1599
2 0.960703 0.508075 0.0752536 0.0600677 1655
2 0.86251 0.474697 0.0892934 0.0471612 1660
2 0.318399 0.41907 0.0124995 0.0158752 1682
2 0.324825 0.423104 0.0118187 0.017507 1634
2 0.348594 0.707708 0.164493 0.129077 1733
2 0.39056 0.430125 0.0237611 0.0234576 1734
2 0.53351 0.420108 0.035029 0.0206406 1737
2 0.357508 0.422382 0.0184408 0.0167185 1740
2 0.636474 0.452872 0.0678946 0.0468491 1741
