2 0.402335 0.450544 0.0315791 0.0327201 1382
2 0.363759 0.438391 0.0199211 0.0225224 1418
2 0.336694 0.425771 0.0177106 0.0220592 1448
2 0.800043 0.482543 0.0812357 0.0503734 1526
2 0.707868 0.446036 0.0585342 0.0373356 1599
2 0.961338 0.508772 0.0755394 0.0606912 1655
2 0.8831 0.47804 0.0913151 0.0477634 1660
2 0.316696 0.418241 0.0123161 0.0164344 1682
2 0.324015 0.422382 0.0117705 0.0175782 1634
2 0.349847 0.706949 0.158974 0.128394 1733
2 0.382256 0.427313 0.0226654 0.0222774 1734
2 0.564689 0.425057 0.0390764 0.0221866 1737
2 0.544855 0.413522 0.0314169 0.0191306 1738
2 0.696295 0.432338 0.03765 0.021286 1739
2 0.355424 0.421726 0.0180284 0.0163701 1740
