2 0.396999 0.448607 0.0304005 0.0316066 1382
2 0.361309 0.437371 0.0191531 0.0218649 1418
2 0.336614 0.425259 0.0177787 0.0221642 1448
2 0.802975 0.48335 0.0818597 0.0507379 1526
2 0.717679 0.447099 0.0621012 0.0394258 1599
2 0.961189 0.50854 0.0763869 0.0614497 1655
2 0.887064 0.479069 0.0899856 0.0468961 1660
2 0.316377 0.418036 0.0120725 0.0161709 1682
2 0.323843 0.422183 0.0117767 0.0176029 1634
2 0.349887 0.706524 0.157417 0.12876 1733
2 0.380028 0.4267 0.0226013 0.0221397 1734
2 0.574791 0.426623 0.0413572 0.0233584 1737
2 0.555001 0.414682 0.0325396 0.0197689 1738
