2 0.548733 0.502178 0.0645439 0.0637815 1382
2 0.421995 0.459953 0.0325034 0.0324581 1418
2 0.350151 0.431163 0.0197617 0.0236621 1448
2 0.941242 0.504321 0.0958912 0.0728616 1655
2 0.320798 0.421451 0.0123462 0.0160295 1682
2 0.332175 0.425678 0.0147898 0.0191486 1634
2 0.346345 0.708624 0.17207 0.128994 1733
2 0.432759 0.441222 0.0290229 0.0282745 1734
2 0.375157 0.427541 0.0216294 0.0197922 1740
1 0.523659 0.579402 0.0148907 0.04516 1742
0 0.520484 0.558449 0.0182625 0.0717076 1743
2 0.430905 0.397366 0.0202008 0.0141038 1738
2 0.447089 0.409551 0.0251158 0.0161182 1737
2 0.563455 0.423343 0.0400103 0.0266311 1599
