2 0.641588 0.535317 0.0856732 0.0821046 1382
2 0.453171 0.471021 0.0391639 0.037708 1418
2 0.357194 0.433633 0.0214494 0.0249801 1448
2 0.322773 0.422479 0.0121547 0.0160342 1682
2 0.33541 0.426675 0.0158097 0.0196159 1634
2 0.345719 0.708502 0.173789 0.129228 1733
2 0.456834 0.44728 0.0335246 0.0317629 1734
2 0.385573 0.430235 0.0230941 0.0210007 1740
1 0.506119 0.560811 0.0153646 0.0433016 1742
0 0.503065 0.540996 0.0161596 0.0647984 1743
2 0.411577 0.39582 0.0146801 0.010587 1738
2 0.425207 0.406483 0.0212045 0.014393 1737
2 0.530948 0.419038 0.0360864 0.0251594 1599
2 0.028533 0.657324 0.0340977 0.0668457 1750
2 0.273423 0.410355 0.00930099 0.013392 1752
2 0.683265 0.442503 0.055105 0.0361331 1600
2 0.732847 0.471725 0.0725045 0.0486808 1526
