2 0.736669 0.566397 0.105051 0.0974202 1382
2 0.480538 0.48074 0.0454599 0.0432811 1418
2 0.363162 0.435724 0.0232592 0.027153 1448
2 0.323997 0.423098 0.0121296 0.0160057 1682
2 0.337912 0.427219 0.016493 0.0199724 1634
2 0.345445 0.708702 0.174493 0.129291 1733
2 0.477275 0.452475 0.0343295 0.0311654 1734
2 0.393391 0.432749 0.0249169 0.0226654 1740
1 0.496575 0.551843 0.0157829 0.041819 1742
0 0.493513 0.533781 0.0151899 0.0619971 1743
2 0.412744 0.404803 0.020017 0.0139711 1737
2 0.510015 0.4157 0.0334771 0.0240827 1599
2 0.0533408 0.646813 0.0528069 0.0983787 1750
2 0.273635 0.411476 0.0100253 0.014514 1752
2 0.654179 0.436996 0.0536769 0.0355402 1600
2 0.722761 0.470002 0.0692897 0.0466478 1526
2 0.897179 0.498078 0.0875353 0.0661116 1655
