2 0.370402 0.438096 0.0240416 0.0278457 1448
2 0.326384 0.423622 0.0120065 0.0155967 1682
2 0.341653 0.428099 0.0177954 0.0208445 1634
2 0.34542 0.708304 0.174666 0.128935 1733
2 0.502779 0.458316 0.0404608 0.0356119 1734
2 0.403019 0.434846 0.0262211 0.0237727 1740
1 0.489452 0.547137 0.0148324 0.0373219 1742
0 0.485907 0.528366 0.0149125 0.0618506 1743
2 0.401547 0.402354 0.0180089 0.0128354 1737
2 0.491853 0.411457 0.0332755 0.0252467 1599
2 0.0775628 0.628252 0.0656944 0.108515 1750
2 0.274221 0.412425 0.0103362 0.0151079 1752
2 0.6233 0.431355 0.0466882 0.0317446 1600
2 0.714247 0.468507 0.0689081 0.0466439 1526
2 0.828185 0.467119 0.0763436 0.0430582 1755
2 0.890463 0.498717 0.0854041 0.0616893 1655
2 0.524899 0.496684 0.0333102 0.0505326 1731
