2 0.374756 0.439788 0.0248538 0.0286822 1448
2 0.327133 0.42384 0.0125299 0.016327 1682
2 0.343525 0.428746 0.018294 0.0211495 1634
2 0.3454 0.708326 0.175176 0.129115 1733
2 0.517848 0.463168 0.0443532 0.0388457 1734
2 0.408219 0.436238 0.0270703 0.0245353 1740
1 0.486743 0.545106 0.0147273 0.0364375 1742
0 0.483012 0.524569 0.014074 0.0587469 1743
2 0.396231 0.400938 0.0180774 0.0131447 1737
2 0.482784 0.410606 0.0295933 0.0227592 1599
2 0.095566 0.617393 0.0689469 0.105417 1750
2 0.274428 0.413011 0.0104302 0.0153161 1752
2 0.612834 0.42746 0.0380096 0.0264905 1600
2 0.70979 0.467739 0.0683731 0.0464076 1526
2 0.809315 0.463963 0.0766321 0.0434014 1755
2 0.88614 0.497537 0.0861643 0.0609014 1655
2 0.945012 0.625604 0.143683 0.102236 1758
2 0.589153 0.445458 0.0633747 0.04398 1741
