2 0.426472 0.456613 0.0364586 0.0400094 1448
2 0.341744 0.427339 0.0170426 0.0199876 1682
2 0.36683 0.436545 0.0237011 0.0253664 1634
2 0.344383 0.70791 0.176305 0.128978 1733
2 0.758636 0.530357 0.0889539 0.0746368 1734
2 0.47817 0.454369 0.0407603 0.0350707 1740
0 0.480928 0.513419 0.0129148 0.0588262 1743
2 0.422715 0.401731 0.0229263 0.0196247 1599
2 0.278191 0.419966 0.0106946 0.0152574 1752
2 0.677948 0.460361 0.0631615 0.0436328 1526
2 0.651989 0.433729 0.0513314 0.0314254 1755
2 0.324259 0.421218 0.0156627 0.0184808 1764
2 0.507735 0.412749 0.0323794 0.0230703 1600
2 0.218328 0.556963 0.0818044 0.0813251 1750
2 0.813942 0.458745 0.0813619 0.0392309 1779
2 0.381835 0.425342 0.0258096 0.0265242 1780
2 0.623771 0.42019 0.0379413 0.0254756 1597
2 0.946562 0.631543 0.124015 0.0898112 1758
2 0.848729 0.487079 0.087432 0.0578552 1655
