2 0.474334 0.473328 0.0475493 0.050736 1448
2 0.353663 0.433013 0.018851 0.0205643 1682
2 0.387585 0.444495 0.0278421 0.0294723 1634
2 0.344411 0.708494 0.176854 0.128942 1733
0 0.481369 0.514849 0.0122101 0.0532166 1743
2 0.400309 0.399855 0.0186379 0.0163734 1599
2 0.281754 0.424646 0.0121135 0.0168191 1752
2 0.664078 0.459273 0.0628413 0.0448473 1526
2 0.586103 0.423737 0.037163 0.0240389 1755
2 0.332492 0.424672 0.0165031 0.0193597 1764
2 0.471165 0.408352 0.0264315 0.0196513 1600
2 0.721326 0.447713 0.082191 0.0406809 1779
2 0.408243 0.433104 0.0308295 0.0315911 1780
2 0.826419 0.486391 0.089388 0.0585249 1655
2 0.543822 0.474835 0.0675152 0.0441023 1739
2 0.246983 0.542336 0.0855777 0.0769462 1750
