2 0.490659 0.479271 0.052466 0.0556823 1448
2 0.357105 0.43415 0.0195223 0.0210241 1682
2 0.39398 0.446111 0.029642 0.0313759 1634
2 0.344366 0.70854 0.176991 0.128986 1733
0 0.481503 0.514916 0.0123467 0.0537059 1743
2 0.395686 0.398815 0.0185783 0.0164826 1599
2 0.282792 0.425696 0.0124112 0.0170904 1752
2 0.66278 0.459144 0.0610631 0.0435774 1526
2 0.570399 0.420912 0.0338067 0.021908 1755
2 0.334802 0.425503 0.0170522 0.019923 1764
2 0.463758 0.407219 0.025613 0.0191647 1600
2 0.699597 0.443846 0.0776438 0.0388607 1779
2 0.41664 0.435211 0.0317138 0.0323911 1780
2 0.82217 0.485593 0.0888888 0.0579962 1655
