2 0.365209 0.43797 0.0213754 0.0226033 1682
2 0.408758 0.451435 0.0323228 0.0340826 1634
2 0.344354 0.708618 0.177288 0.129103 1733
0 0.481118 0.51473 0.0130589 0.0557749 1743
2 0.38626 0.397959 0.0185217 0.0169915 1599
2 0.284767 0.428424 0.0140711 0.0194123 1752
2 0.665954 0.460739 0.0574771 0.042176 1526
2 0.542833 0.419704 0.0362483 0.0242326 1755
2 0.339961 0.428058 0.0182306 0.0212003 1764
2 0.449081 0.40593 0.0237793 0.0180693 1600
2 0.658937 0.436357 0.0608201 0.030853 1779
2 0.436494 0.440069 0.0367029 0.0373037 1780
2 0.812054 0.485114 0.0876626 0.0569961 1655
2 0.965833 0.489663 0.0641277 0.0487207 1786
2 0.990689 0.524874 0.0167505 0.0398998 1792
2 0.573014 0.444793 0.0623621 0.0432405 1741
2 0.538523 0.495845 0.0909385 0.0628495 1739
