2 0.375087 0.440586 0.0232806 0.0241862 1682
2 0.427968 0.456376 0.0356197 0.0370563 1634
2 0.344975 0.70787 0.177143 0.1289 1733
0 0.481346 0.512953 0.0129619 0.0534954 1743
2 0.285821 0.431043 0.0149942 0.0208377 1752
2 0.660062 0.459081 0.0587791 0.0432047 1526
2 0.51886 0.416049 0.033591 0.023356 1755
2 0.346861 0.42931 0.0192524 0.0222578 1764
2 0.437446 0.40224 0.0232193 0.0180893 1600
2 0.620566 0.430953 0.0608332 0.032027 1779
2 0.46072 0.445209 0.0411784 0.0416783 1780
2 0.803988 0.482525 0.0884247 0.0576992 1655
2 0.927885 0.484223 0.080884 0.059682 1786
2 0.985201 0.522635 0.0192661 0.0447319 1792
2 0.572959 0.443727 0.0621367 0.0428441 1741
2 0.375976 0.42536 0.0213237 0.0190038 1796
2 0.579832 0.514552 0.100861 0.0747739 1739
