2 0.369829 0.439497 0.0221548 0.0232034 1682
2 0.417739 0.454013 0.033636 0.0352373 1634
2 0.344434 0.708522 0.177213 0.12898 1733
0 0.480927 0.513532 0.0129095 0.0541647 1743
2 0.285404 0.429807 0.0146009 0.0201526 1752
2 0.661579 0.460376 0.0574963 0.0421607 1526
2 0.530274 0.418387 0.0355576 0.0242588 1755
2 0.343118 0.428791 0.0187204 0.0217302 1764
2 0.442852 0.404314 0.0231234 0.017715 1600
2 0.640493 0.433381 0.0589171 0.0301538 1779
2 0.448211 0.442514 0.0387449 0.0391829 1780
2 0.806491 0.484229 0.0875134 0.057099 1655
2 0.94984 0.488572 0.0736357 0.0552664 1786
2 0.988054 0.525037 0.0178197 0.0420838 1792
2 0.572663 0.444374 0.0620047 0.0428594 1741
2 0.371338 0.425253 0.0212169 0.0189162 1796
2 0.553956 0.505029 0.0946884 0.0680768 1739
