2 0.480841 0.475323 0.0463405 0.0435743 1682
2 0.347209 0.706571 0.176614 0.128196 1733
0 0.48415 0.515996 0.0135529 0.0491776 1743
2 0.222593 0.469688 0.034294 0.0386079 1752
2 0.660411 0.46009 0.0583523 0.0421646 1526
2 0.410018 0.450126 0.0301873 0.0328818 1764
2 0.78867 0.478122 0.0798608 0.0515654 1655
2 0.621228 0.431258 0.0536562 0.0345481 1786
2 0.9522 0.514004 0.0554129 0.0631666 1792
2 0.461784 0.447909 0.0338779 0.0281956 1796
2 0.557966 0.412726 0.0286694 0.0221445 1762
2 0.134858 0.644655 0.0848912 0.10223 1811
2 0.477619 0.410216 0.0326739 0.0218793 1779
2 0.345994 0.421975 0.0290414 0.0315668 1815
2 0.391965 0.430156 0.0242493 0.0202954 1816
2 0.289753 0.433154 0.0187139 0.0205168 1819
2 0.69199 0.539673 0.0908717 0.0828747 1780
