2 0.520049 0.489464 0.0540894 0.0497604 1682
2 0.347007 0.706615 0.176667 0.128216 1733
0 0.483774 0.513879 0.0147575 0.0537209 1743
2 0.188281 0.483824 0.0410003 0.0432255 1752
2 0.660504 0.459646 0.059488 0.0430458 1526
2 0.429693 0.45635 0.0346322 0.0370061 1764
2 0.786453 0.480168 0.0845753 0.0547618 1655
2 0.948577 0.509273 0.0588566 0.0576035 1792
2 0.492373 0.456633 0.0395197 0.0321674 1796
2 0.530434 0.409305 0.0264849 0.0203592 1762
2 0.17783 0.623079 0.085912 0.0942865 1811
2 0.460421 0.407845 0.0300917 0.0208825 1779
2 0.352615 0.423926 0.0292772 0.0331651 1815
2 0.404882 0.434037 0.0270785 0.0227119 1816
2 0.287069 0.436895 0.0202448 0.0225982 1819
2 0.95771 0.574663 0.117955 0.0989735 1758
2 0.814616 0.575842 0.121324 0.100563 1418
