2 0.346961 0.706416 0.176791 0.128558 1733
0 0.484081 0.513428 0.0159499 0.0557312 1743
2 0.661132 0.459166 0.0586496 0.0424144 1526
2 0.770996 0.476393 0.0813631 0.0535793 1655
2 0.94376 0.510215 0.0986189 0.0619709 1792
2 0.3156 0.547569 0.0854957 0.0701297 1811
2 0.595903 0.518776 0.0623856 0.0621504 1815
2 0.387307 0.398751 0.0258722 0.0187774 1826
2 0.420025 0.447687 0.0416073 0.0447499 1827
2 0.502785 0.458108 0.0434359 0.0434916 1831
2 0.3529 0.430052 0.0193462 0.0205127 1836
2 0.638845 0.433136 0.0491023 0.0279057 1837
0 0.757922 0.815577 0.082992 0.108501 1838
