2 0.346896 0.706121 0.176768 0.128621 1733
0 0.484101 0.512575 0.016317 0.0589342 1743
2 0.660447 0.458951 0.0598462 0.0432085 1526
2 0.77065 0.476316 0.0818468 0.0534752 1655
2 0.944034 0.510713 0.101448 0.0622159 1792
2 0.314204 0.54806 0.0868304 0.0707521 1811
2 0.517718 0.483298 0.0562765 0.0595356 1827
2 0.38372 0.442111 0.0240256 0.0240668 1836
2 0.539892 0.419493 0.0370243 0.0224963 1837
2 0.401174 0.431023 0.0246714 0.025427 1853
2 0.337838 0.423816 0.0203292 0.0195803 1861
2 0.962977 0.635697 0.100729 0.0898876 1758
2 0.723412 0.522564 0.093616 0.0728826 1816
