2 0.346935 0.706067 0.176975 0.12882 1733
0 0.484077 0.511882 0.0162681 0.0588047 1743
2 0.660534 0.458983 0.059289 0.0427967 1526
2 0.770684 0.475859 0.0837805 0.0548933 1655
2 0.944216 0.510221 0.101713 0.0621994 1792
2 0.31425 0.548118 0.0868093 0.07066 1811
2 0.543476 0.492562 0.0620739 0.0650901 1827
2 0.390754 0.444347 0.0256121 0.0255079 1836
2 0.526603 0.417767 0.0363969 0.0224607 1837
2 0.410903 0.433407 0.0257882 0.0264983 1853
2 0.340573 0.424353 0.0202904 0.0195723 1861
2 0.830705 0.469008 0.064102 0.0384907 1862
2 0.788421 0.538261 0.0937876 0.0812311 1764
