2 0.346929 0.706277 0.176649 0.128458 1733
0 0.483927 0.513492 0.0160542 0.0563682 1743
2 0.659862 0.458967 0.0605223 0.0437 1526
2 0.770951 0.476557 0.081893 0.0537869 1655
2 0.943751 0.510451 0.100024 0.0622767 1792
2 0.315008 0.547605 0.086514 0.0707606 1811
2 0.377232 0.398281 0.0226423 0.0171605 1826
2 0.443212 0.45428 0.0486868 0.053119 1827
2 0.549319 0.472792 0.0500327 0.0487524 1831
2 0.361576 0.433564 0.0200317 0.020865 1836
2 0.60189 0.4286 0.049103 0.0286263 1837
0 0.714891 0.764097 0.0699452 0.0969438 1838
