2 0.346888 0.706138 0.176961 0.128816 1733
0 0.484062 0.511591 0.0162397 0.0588362 1743
2 0.660259 0.45956 0.0577218 0.0415637 1526
2 0.770882 0.474806 0.0873482 0.0575067 1655
2 0.94409 0.510439 0.101954 0.0621777 1792
2 0.314121 0.548087 0.0870986 0.0708643 1811
2 0.573392 0.503815 0.0677142 0.0699477 1827
2 0.39845 0.447089 0.0272357 0.0268887 1836
2 0.51415 0.416454 0.0344461 0.0215751 1837
2 0.421142 0.436091 0.0274348 0.0280986 1853
2 0.345207 0.425897 0.0212762 0.020601 1861
2 0.864702 0.558085 0.111996 0.0895065 1682
