2 0.346784 0.706005 0.176487 0.128491 1733
0 0.484814 0.510044 0.0142247 0.0545096 1743
2 0.651981 0.457191 0.0587624 0.0422011 1526
2 0.770733 0.476359 0.0828199 0.0543015 1655
2 0.943777 0.510177 0.103132 0.06225 1792
2 0.313168 0.547913 0.0880744 0.0715405 1811
2 0.466913 0.471513 0.0428292 0.0403679 1836
2 0.515272 0.459962 0.0444256 0.0431792 1853
2 0.370297 0.434887 0.0262107 0.0258349 1861
2 0.627426 0.43419 0.0493655 0.0260765 1871
2 0.337081 0.423522 0.0173567 0.0227197 1877
2 0.453446 0.408586 0.027134 0.0189397 1837
2 0.275509 0.410599 0.0077995 0.0109157 1882
2 0.388447 0.428144 0.0239183 0.0205628 1883
2 0.921866 0.604637 0.135294 0.107428 1682
2 0.802055 0.54397 0.096487 0.0726967 1816
