2 0.346718 0.705887 0.17669 0.128657 1733
0 0.484706 0.510163 0.0143432 0.0552691 1743
2 0.649655 0.455968 0.0593572 0.042635 1526
2 0.77057 0.476364 0.0822356 0.0538589 1655
2 0.943811 0.509919 0.103212 0.0622469 1792
2 0.313289 0.547689 0.0882518 0.0716847 1811
2 0.539851 0.467147 0.0487207 0.0467389 1853
2 0.375605 0.436776 0.0272152 0.0270741 1861
2 0.610242 0.43055 0.0496909 0.0266051 1871
2 0.340277 0.425172 0.0171685 0.0223423 1877
2 0.445671 0.407629 0.0256423 0.0182358 1837
2 0.27557 0.411855 0.00817521 0.0114336 1882
2 0.394951 0.430213 0.025769 0.0221764 1883
0 0.553603 0.605255 0.018727 0.07583 1885
2 0.493972 0.480884 0.0316293 0.0434773 1838
2 0.879759 0.562683 0.099539 0.0797905 1764
