2 0.346259 0.705858 0.176232 0.128314 1733
0 0.48402 0.509328 0.0140855 0.0549733 1743
2 0.643735 0.455079 0.0552471 0.0394498 1526
2 0.768177 0.475633 0.0830997 0.0543638 1655
2 0.943495 0.509918 0.103529 0.0622276 1792
2 0.312893 0.547785 0.0881333 0.0716423 1811
2 0.395748 0.443855 0.0307248 0.0311452 1861
2 0.558186 0.421264 0.0353356 0.0194391 1871
2 0.351159 0.429138 0.0193323 0.0245658 1877
2 0.424077 0.404575 0.022211 0.0165982 1837
2 0.27553 0.414972 0.00860291 0.0119947 1882
2 0.422395 0.437522 0.0306141 0.0264813 1883
0 0.530272 0.586674 0.0165533 0.0668876 1885
1 0.483598 0.530341 0.0123933 0.0313985 1888
