2 0.346343 0.705667 0.176973 0.128823 1733
0 0.483451 0.510133 0.0137297 0.0528663 1743
2 0.633802 0.452129 0.0593527 0.0429276 1526
2 0.943229 0.508283 0.103416 0.0621163 1792
2 0.312425 0.547465 0.0881257 0.0717037 1811
2 0.462367 0.466102 0.0448635 0.0456427 1861
2 0.480599 0.411099 0.0289497 0.017608 1871
2 0.382648 0.438956 0.0261914 0.0313639 1877
2 0.27957 0.421057 0.0100703 0.0138227 1882
2 0.521245 0.464761 0.0483894 0.0412261 1883
0 0.503304 0.56398 0.0159044 0.0648199 1885
1 0.483241 0.528422 0.0139152 0.0340922 1888
2 0.341013 0.425111 0.0180389 0.0198977 1908
2 0.911883 0.620941 0.121804 0.0976483 1831
2 0.836161 0.469319 0.0693253 0.039477 1862
2 0.756988 0.472082 0.0818991 0.0539327 1655
