2 0.346424 0.705579 0.176641 0.128626 1733
0 0.484009 0.509397 0.0144014 0.0562848 1743
2 0.641977 0.453738 0.0548852 0.0391338 1526
2 0.767304 0.474534 0.0827223 0.0541058 1655
2 0.943529 0.509084 0.103303 0.0619757 1792
2 0.312927 0.547794 0.0873006 0.0708559 1811
2 0.403715 0.446221 0.0322024 0.0327933 1861
2 0.542298 0.41917 0.0365852 0.0203608 1871
2 0.355597 0.429678 0.0205767 0.0259033 1877
2 0.418406 0.403259 0.0214281 0.0162393 1837
2 0.276023 0.415776 0.00870066 0.0121222 1882
2 0.434074 0.440044 0.032817 0.0283938 1883
0 0.525685 0.581438 0.016936 0.0685066 1885
1 0.483853 0.529593 0.0127939 0.0321556 1888
2 0.840518 0.459062 0.0633321 0.0373726 1862
