2 0.346371 0.705658 0.177061 0.128881 1733
0 0.483696 0.507964 0.0140202 0.0543174 1743
2 0.635305 0.45215 0.0579855 0.0416653 1526
2 0.943374 0.507938 0.103657 0.0623497 1792
2 0.312582 0.547301 0.0884048 0.0719113 1811
2 0.447597 0.460816 0.040977 0.041814 1861
2 0.492159 0.41285 0.0311492 0.0187025 1871
2 0.376302 0.43674 0.024671 0.0298499 1877
2 0.278974 0.41976 0.00983394 0.0135693 1882
2 0.498863 0.457956 0.044654 0.0383627 1883
0 0.506491 0.566772 0.0162905 0.0664963 1885
1 0.483045 0.528721 0.013976 0.0346267 1888
2 0.337265 0.423514 0.0179461 0.0198039 1908
2 0.862395 0.604273 0.122943 0.100351 1831
2 0.856819 0.472341 0.0705524 0.0403474 1862
