2 0.346884 0.706209 0.176759 0.128305 1733
0 0.483795 0.51142 0.012535 0.0462191 1743
2 0.6318 0.454672 0.0537363 0.039199 1526
2 0.943687 0.510187 0.102914 0.0612321 1792
2 0.312846 0.548431 0.087604 0.0713175 1811
2 0.465306 0.466648 0.0453599 0.0504484 1877
2 0.285976 0.432787 0.0134744 0.0181425 1882
0 0.479837 0.547326 0.0127649 0.0545327 1885
2 0.388759 0.441587 0.0274878 0.0302231 1908
2 0.74156 0.470628 0.0780472 0.0525289 1655
2 0.6148 0.430861 0.0413097 0.0248322 1936
2 0.961329 0.592299 0.0984619 0.0757888 1816
2 0.753259 0.564347 0.109551 0.0935972 1853
