2 0.346548 0.706171 0.177092 0.128582 1733
0 0.483943 0.511294 0.0130003 0.0477162 1743
2 0.631675 0.453453 0.0559712 0.0410862 1526
2 0.943332 0.50973 0.103991 0.0618534 1792
2 0.312677 0.54849 0.0873834 0.0709989 1811
2 0.502697 0.478385 0.0546483 0.0595618 1877
2 0.284561 0.436216 0.0148657 0.0198038 1882
0 0.473784 0.545017 0.0129113 0.0556131 1885
2 0.405951 0.447914 0.0297947 0.0325969 1908
2 0.73787 0.470012 0.0764301 0.0515385 1655
2 0.0136534 0.664748 0.0170828 0.0535347 1941
2 0.827823 0.468466 0.0802712 0.0457857 1862
