2 0.346438 0.706317 0.177407 0.128733 1733
0 0.482564 0.516607 0.0137137 0.0462684 1743
2 0.631551 0.453762 0.0570906 0.0430841 1526
2 0.938458 0.510303 0.102669 0.060936 1792
2 0.312297 0.548293 0.0888403 0.0724116 1811
2 0.257085 0.454053 0.0227812 0.0266188 1882
0 0.460401 0.53935 0.0120807 0.0543707 1885
2 0.487228 0.475728 0.0449144 0.0472008 1908
2 0.738174 0.471173 0.0773708 0.0525592 1655
2 0.0266339 0.653008 0.0247615 0.0567902 1941
2 0.425376 0.439082 0.028874 0.0313965 1946
2 0.500191 0.414936 0.0311275 0.0190033 1951
2 0.369814 0.436065 0.0211787 0.0223247 1954
1 0.482042 0.530723 0.015528 0.0345407 1888
2 0.837189 0.474843 0.0711401 0.0399037 1862
