2 0.347109 0.706697 0.177254 0.128505 1733
0 0.483181 0.513556 0.0158478 0.0526265 1743
2 0.632335 0.454045 0.0560545 0.0421372 1526
2 0.92719 0.506716 0.101561 0.0594938 1792
2 0.313185 0.549852 0.0867858 0.0704064 1811
0 0.450929 0.537859 0.0125788 0.0561587 1885
2 0.0269529 0.654276 0.0372225 0.0588574 1941
2 0.505695 0.461951 0.0446687 0.0462722 1946
2 0.434847 0.406598 0.024711 0.015953 1951
2 0.43445 0.457483 0.0338928 0.0356342 1954
1 0.48229 0.531612 0.0139068 0.0333788 1888
2 0.530611 0.41897 0.0335819 0.0238135 1966
2 0.377877 0.425545 0.0200781 0.018833 1970
2 0.425618 0.434495 0.0309431 0.028637 1971
2 0.330384 0.421165 0.0168362 0.0206638 1978
2 0.74824 0.565087 0.106326 0.0933396 1836
