2 0.346955 0.706042 0.17639 0.12785 1733
0 0.48299 0.512488 0.0156134 0.0521083 1743
2 0.632005 0.45233 0.0579214 0.0434685 1526
2 0.929912 0.505662 0.0992264 0.0579851 1792
2 0.313083 0.548466 0.0877265 0.0713777 1811
0 0.4536 0.536453 0.0121094 0.0558511 1885
2 0.0271552 0.65344 0.0336753 0.0576863 1941
2 0.476818 0.452611 0.0384317 0.0404333 1946
2 0.449266 0.407736 0.0248414 0.0156547 1951
2 0.410757 0.449319 0.0292355 0.0307941 1954
1 0.482689 0.530796 0.0146368 0.0342448 1888
2 0.562076 0.420452 0.0299269 0.021379 1966
2 0.368589 0.422381 0.0188862 0.0177411 1970
2 0.409865 0.429201 0.0267053 0.0246748 1971
2 0.641854 0.528972 0.0741761 0.0760861 1877
2 0.692892 0.444171 0.0516565 0.0310388 1959
