2 0.347297 0.706384 0.1772 0.128685 1733
0 0.483441 0.512714 0.0160834 0.0531494 1743
2 0.632957 0.452384 0.0582336 0.0436754 1526
2 0.920508 0.504696 0.102001 0.0596671 1792
2 0.313761 0.549324 0.0875409 0.0708959 1811
0 0.4471 0.537616 0.0130573 0.0551949 1885
2 0.0273116 0.655219 0.0437036 0.0596389 1941
2 0.617602 0.49326 0.0647311 0.0619829 1946
2 0.407643 0.401688 0.0185999 0.0126302 1951
2 0.525254 0.488963 0.0501034 0.0517624 1954
1 0.483131 0.531491 0.0132875 0.0331932 1888
2 0.47186 0.411669 0.0298179 0.0214376 1966
2 0.4067 0.43328 0.0242891 0.0225019 1970
2 0.475706 0.449043 0.0423905 0.0399393 1971
2 0.349481 0.427975 0.0188745 0.023111 1978
