2 0.347366 0.70671 0.177214 0.128847 1733
0 0.483595 0.513103 0.0160591 0.0531379 1743
2 0.632569 0.452729 0.0569447 0.0429376 1526
2 0.918542 0.504769 0.10235 0.0600172 1792
2 0.313655 0.54961 0.0872826 0.0705226 1811
0 0.447035 0.538559 0.013131 0.0557522 1885
2 0.0271571 0.655196 0.0461655 0.0597797 1941
2 0.722727 0.522534 0.0841977 0.0768247 1946
2 0.616392 0.52196 0.0672145 0.0670852 1954
1 0.482984 0.532312 0.0122677 0.03189 1888
2 0.446253 0.409523 0.0266852 0.0193976 1966
2 0.428717 0.43944 0.0290819 0.0269125 1970
2 0.514274 0.459169 0.0491954 0.046694 1971
2 0.363497 0.433281 0.0207987 0.0250233 1978
2 0.332824 0.423058 0.0168509 0.0195282 1986
2 0.531461 0.418542 0.0361485 0.0218917 1987
2 0.824379 0.462836 0.0967832 0.055752 1862
2 0.738006 0.470572 0.0750076 0.0514285 1655
