2 0.346596 0.707677 0.177199 0.128993 1733
0 0.482608 0.513894 0.016077 0.0531439 1743
2 0.631755 0.455087 0.0521013 0.0388337 1526
2 0.916986 0.504314 0.102702 0.0602387 1792
2 0.312785 0.550582 0.0882518 0.0710445 1811
0 0.445656 0.539639 0.0111203 0.0542381 1885
2 0.0263177 0.656981 0.0493628 0.0599349 1941
1 0.482928 0.532356 0.012268 0.0324042 1888
2 0.398821 0.404458 0.0210218 0.0160414 1966
2 0.512461 0.463426 0.0429056 0.0382493 1970
2 0.664978 0.504197 0.0776665 0.0697265 1971
2 0.420167 0.453559 0.0324167 0.0374881 1978
2 0.361238 0.4353 0.0211386 0.0240296 1986
2 0.458161 0.40982 0.0272365 0.0176902 1987
2 0.3268 0.421111 0.0144234 0.0176118 1989
2 0.737506 0.470323 0.0771464 0.0514034 1655
