2 0.345422 0.70811 0.176863 0.128814 1733
0 0.481794 0.514565 0.015462 0.0519537 1743
2 0.630525 0.453784 0.0562744 0.0421831 1526
2 0.915481 0.504013 0.100096 0.0587376 1792
2 0.311585 0.551407 0.0878865 0.0707225 1811
0 0.444514 0.540011 0.0102798 0.0536447 1885
2 0.0253346 0.657055 0.0481538 0.056971 1941
1 0.48182 0.534907 0.0111657 0.0293699 1888
2 0.655496 0.505642 0.0691417 0.0565755 1970
2 0.527303 0.49124 0.0563542 0.0611202 1978
2 0.405836 0.45192 0.0298539 0.0329969 1986
2 0.41649 0.405582 0.0202628 0.0142387 1987
2 0.345865 0.429003 0.0172 0.0203504 1989
2 0.678563 0.439514 0.0552524 0.0363635 1959
2 0.940879 0.571661 0.10725 0.0928189 1946
2 0.736676 0.470957 0.0780881 0.0521234 1655
