2 0.34549 0.708438 0.176777 0.128733 1733
0 0.482028 0.514739 0.0156859 0.0522082 1743
2 0.63053 0.452899 0.0560191 0.0418165 1526
2 0.915292 0.503008 0.102555 0.0603409 1792
2 0.311501 0.551157 0.0883476 0.0711521 1811
0 0.444553 0.539922 0.0106233 0.0542179 1885
2 0.0253834 0.6574 0.047848 0.0571465 1941
1 0.481886 0.532739 0.0122914 0.032275 1888
2 0.595982 0.48821 0.0584458 0.0494815 1970
2 0.480262 0.47446 0.0456017 0.0504392 1978
2 0.387268 0.444856 0.0274347 0.0307179 1986
2 0.429029 0.406578 0.0234325 0.0159696 1987
2 0.338037 0.425263 0.0163778 0.0195289 1989
2 0.851321 0.550268 0.111904 0.093823 1861
