2 0.34668 0.707764 0.176699 0.128572 1733
0 0.482942 0.514149 0.0162264 0.053478 1743
2 0.632418 0.454117 0.054649 0.0414351 1526
2 0.917054 0.50468 0.101549 0.0594445 1792
2 0.313095 0.550817 0.0872355 0.0701724 1811
0 0.446193 0.539496 0.0115605 0.0546994 1885
2 0.0266769 0.657075 0.0488624 0.0599083 1941
1 0.482928 0.531649 0.0124193 0.0333795 1888
2 0.409995 0.406045 0.0217443 0.016395 1966
2 0.481733 0.455707 0.0373432 0.0338497 1970
2 0.61011 0.488273 0.0675717 0.0624676 1971
2 0.39914 0.44693 0.0283467 0.0333473 1978
2 0.351636 0.431759 0.0188686 0.0216159 1986
2 0.475135 0.412078 0.0304523 0.0193562 1987
2 0.321116 0.418848 0.0138135 0.016995 1989
2 0.93689 0.619916 0.111995 0.0978177 1836
2 0.738173 0.470359 0.0760811 0.0512508 1655
