2 0.345274 0.70753 0.177655 0.129599 1733
0 0.481734 0.513837 0.0158535 0.054161 1743
2 0.630485 0.454334 0.052868 0.039084 1526
2 0.91562 0.503314 0.102083 0.0599793 1792
2 0.311388 0.55037 0.0878883 0.070723 1811
0 0.444372 0.539265 0.0100214 0.0533849 1885
2 0.0253919 0.656356 0.0486942 0.057347 1941
1 0.481782 0.53299 0.0114944 0.0300818 1888
2 0.731182 0.525377 0.0818294 0.0644203 1970
2 0.588828 0.513195 0.0688383 0.0729528 1978
2 0.429232 0.458113 0.0352271 0.0383417 1986
2 0.407309 0.402846 0.0190796 0.0137048 1987
2 0.354463 0.430646 0.0194638 0.022984 1989
2 0.736677 0.469473 0.0783291 0.0522478 1655
