2 0.345418 0.707602 0.177466 0.129482 1733
0 0.481296 0.513752 0.0156419 0.0537717 1743
2 0.630583 0.452497 0.0560963 0.041691 1526
2 0.915538 0.503053 0.102065 0.0599645 1792
2 0.311302 0.550021 0.0880705 0.0708388 1811
0 0.444164 0.539097 0.00995207 0.0533516 1885
2 0.0253357 0.656386 0.0489831 0.0575581 1941
1 0.481759 0.531066 0.0127364 0.033442 1888
2 0.457761 0.467739 0.0418004 0.0447893 1986
2 0.398922 0.401051 0.0185903 0.0136575 1987
2 0.365201 0.434273 0.0210074 0.0247771 1989
2 0.736953 0.469617 0.0781596 0.0522538 1655
2 0.319097 0.418956 0.0154377 0.0145487 1998
2 0.849347 0.553268 0.10012 0.0774011 1861
