2 0.346191 0.708532 0.17716 0.12914 1733
0 0.481495 0.51461 0.0154812 0.0522567 1743
2 0.631295 0.453333 0.0571418 0.0430439 1526
2 0.916442 0.50423 0.101722 0.0604136 1792
2 0.312303 0.551358 0.0882845 0.0711326 1811
0 0.438469 0.541927 0.0114625 0.0556053 1885
2 0.0258938 0.657195 0.0498806 0.0583623 1941
1 0.480876 0.531135 0.0125651 0.0341928 1888
2 0.617607 0.525856 0.075801 0.0752987 1986
2 0.412392 0.451425 0.0285345 0.031906 1989
2 0.336842 0.427084 0.0185102 0.0178014 1998
2 0.382501 0.427268 0.0235791 0.0232038 2005
2 0.495066 0.412295 0.0277646 0.0222306 2011
2 0.811574 0.465779 0.0707833 0.0420811 1862
2 0.735777 0.471265 0.0771727 0.0520126 1655
