2 0.345032 0.707801 0.17717 0.129235 1733
0 0.480739 0.512462 0.016024 0.0551977 1743
2 0.63044 0.452013 0.0565585 0.0422578 1526
2 0.914698 0.503269 0.101643 0.0597941 1792
2 0.310913 0.549694 0.0890122 0.071658 1811
0 0.442029 0.540696 0.0104064 0.0544566 1885
2 0.0249274 0.656486 0.0489317 0.0575696 1941
1 0.480688 0.533116 0.0111485 0.029025 1888
2 0.49511 0.481028 0.0488422 0.0512878 1986
2 0.391528 0.399807 0.01767 0.0133588 1987
2 0.377545 0.438646 0.0227949 0.0264852 1989
2 0.32413 0.421487 0.0162843 0.0153422 1998
2 0.363547 0.42148 0.020464 0.0202755 2005
2 0.940355 0.579002 0.100365 0.080407 1971
2 0.835457 0.58633 0.140416 0.108306 1970
