2 0.345453 0.708611 0.177759 0.12961 1733
0 0.480872 0.514324 0.0155974 0.0505972 1743
2 0.914844 0.504348 0.101584 0.0598491 1792
2 0.310918 0.55153 0.087612 0.0706437 1811
0 0.437247 0.543264 0.0121655 0.0551704 1885
2 0.0252196 0.657177 0.0491592 0.0574743 1941
1 0.480588 0.533116 0.0114708 0.0322925 1888
2 0.615809 0.522101 0.069246 0.0684301 1989
2 0.386136 0.444925 0.0265924 0.0263142 1998
2 0.465903 0.449734 0.039618 0.0378493 2005
2 0.413262 0.399149 0.0179787 0.0148013 2011
2 0.744519 0.46994 0.0727116 0.0503762 1655
2 0.382339 0.427039 0.0250183 0.0224325 2022
2 0.630616 0.454004 0.0580045 0.0434659 1526
