2 0.344618 0.709603 0.177634 0.129475 1733
0 0.480205 0.514834 0.0157305 0.0507547 1743
2 0.922028 0.502964 0.0982423 0.0594104 1792
2 0.309793 0.551653 0.0885023 0.0712849 1811
0 0.435494 0.543709 0.0124811 0.054938 1885
2 0.0242111 0.65822 0.048011 0.0562586 1941
1 0.480257 0.532637 0.011966 0.0326668 1888
2 0.412952 0.454012 0.0315791 0.0310372 1998
2 0.517504 0.464105 0.0506559 0.0474795 2005
2 0.396962 0.397633 0.0171661 0.014724 2011
2 0.396501 0.432432 0.0301696 0.0272065 2022
2 0.353008 0.432664 0.0198475 0.0234652 2025
2 0.628999 0.452751 0.0578627 0.0437055 1526
2 0.804415 0.582813 0.103932 0.0975361 1986
