2 0.344855 0.708116 0.178023 0.129453 1733
0 0.481071 0.512567 0.0151861 0.0493383 1743
2 0.310307 0.550283 0.0888219 0.0717502 1811
0 0.434336 0.539285 0.01163 0.0564843 1885
2 0.0246806 0.656421 0.0484266 0.0568437 1941
1 0.479561 0.529483 0.0147089 0.0391776 1888
2 0.546021 0.473416 0.0576437 0.0510078 2022
2 0.493927 0.478736 0.0484063 0.0525128 2025
2 0.62979 0.453052 0.0549651 0.041137 1526
2 0.912666 0.502495 0.102661 0.061171 1792
2 0.39702 0.400511 0.0178205 0.0147984 2036
2 0.735558 0.468902 0.0792288 0.0531217 1655
2 0.399731 0.449843 0.0297255 0.0289872 2039
2 0.345239 0.428214 0.0207485 0.0211968 2046
