2 0.344143 0.708972 0.177568 0.128969 1733
0 0.480321 0.512749 0.0155692 0.050445 1743
2 0.309439 0.55108 0.0886156 0.0714305 1811
0 0.434472 0.541025 0.0120207 0.0561848 1885
2 0.0238814 0.657782 0.048004 0.0562422 1941
1 0.480054 0.530827 0.012887 0.0347505 1888
2 0.490505 0.457086 0.0480187 0.0437627 2022
2 0.440925 0.460879 0.0375213 0.0421671 2025
2 0.62859 0.452867 0.0551716 0.041405 1526
2 0.912302 0.502143 0.102181 0.0607248 1792
2 0.40751 0.404283 0.0221381 0.0179572 2036
2 0.733762 0.468889 0.0776803 0.0518354 1655
2 0.373122 0.441022 0.025017 0.0246508 2039
