2 0.344386 0.709018 0.177547 0.129011 1733
0 0.480834 0.512643 0.0152752 0.049419 1743
2 0.309709 0.551205 0.0885282 0.0712916 1811
0 0.434923 0.541664 0.012167 0.0554182 1885
2 0.0242248 0.657583 0.0482999 0.0564136 1941
1 0.480479 0.531086 0.0127562 0.0343486 1888
2 0.590522 0.5161 0.0656131 0.0595554 1998
2 0.476424 0.453712 0.0454307 0.0415538 2022
2 0.427452 0.45675 0.0345796 0.0393098 2025
2 0.628893 0.453533 0.0538799 0.0404365 1526
2 0.913304 0.502154 0.0994484 0.0590069 1792
2 0.413294 0.404149 0.0195215 0.0156413 2036
2 0.734559 0.469065 0.0777398 0.051905 1655
2 0.366656 0.438728 0.0239454 0.0236439 2039
2 0.933281 0.569754 0.120484 0.0936439 1861
