2 0.345151 0.707831 0.177899 0.128931 1733
0 0.480796 0.515224 0.0146287 0.0466567 1743
2 0.310516 0.550292 0.087495 0.0711041 1811
0 0.433982 0.538691 0.0101326 0.0520873 1885
2 0.0247632 0.656258 0.0488238 0.0579789 1941
1 0.480352 0.530514 0.0132502 0.0359611 1888
2 0.630414 0.453877 0.0541321 0.0405293 1526
2 0.904507 0.502281 0.0996634 0.0589523 1792
2 0.372743 0.39785 0.0141136 0.0131081 2036
2 0.469304 0.469884 0.0440373 0.0456425 2046
2 0.428187 0.443705 0.0307013 0.0281737 2058
2 0.391707 0.432311 0.0239649 0.0222369 2068
2 0.356104 0.420214 0.0192924 0.0190019 2069
2 0.507302 0.416254 0.0309232 0.0205347 2079
2 0.789625 0.582873 0.111159 0.0931086 1998
