2 0.343487 0.708877 0.178339 0.128992 1733
0 0.479392 0.513077 0.015685 0.0492429 1743
2 0.309449 0.550998 0.088675 0.0718658 1811
0 0.432706 0.539703 0.0111759 0.0539204 1885
2 0.0239378 0.657917 0.047436 0.0563853 1941
1 0.478995 0.531258 0.0133457 0.035409 1888
2 0.903201 0.49941 0.0972162 0.0568657 1792
2 0.355653 0.397164 0.0136449 0.0114718 2036
2 0.571611 0.487028 0.0603643 0.0503639 2058
2 0.471764 0.454356 0.0376204 0.0338866 2068
2 0.393573 0.431358 0.024583 0.0247071 2069
2 0.420251 0.406104 0.0211593 0.0147424 2079
2 0.62836 0.453396 0.0537903 0.0398747 1526
2 0.321251 0.419468 0.0182777 0.0209869 2088
2 0.0930542 0.459944 0.015263 0.01361 2089
