2 0.344378 0.709464 0.177711 0.128628 1733
0 0.480062 0.513636 0.0157584 0.049486 1743
2 0.309941 0.550943 0.0890148 0.0721211 1811
0 0.433589 0.540089 0.0109926 0.0534004 1885
2 0.0245416 0.657772 0.0476304 0.0564004 1941
1 0.479518 0.530389 0.0139571 0.037712 1888
2 0.908828 0.497622 0.0863055 0.0509842 1792
2 0.360315 0.398319 0.0143371 0.0126144 2036
2 0.528079 0.473838 0.0514645 0.0441683 2058
2 0.45086 0.449323 0.0329705 0.0299635 2068
2 0.384465 0.42946 0.023481 0.0237112 2069
2 0.433259 0.407708 0.0226935 0.0156466 2079
2 0.629119 0.453082 0.055644 0.0415598 1526
2 0.843888 0.590331 0.130578 0.106963 2022
