2 0.345079 0.708115 0.177377 0.128523 1733
0 0.480472 0.513088 0.0156572 0.0499369 1743
2 0.310578 0.550351 0.0874462 0.0709465 1811
0 0.433128 0.53902 0.0102976 0.0528128 1885
2 0.0245949 0.656287 0.0487253 0.0578698 1941
1 0.479934 0.528933 0.0139777 0.0380317 1888
2 0.904256 0.502625 0.0990421 0.058374 1792
2 0.37101 0.397539 0.0129971 0.0121352 2036
2 0.515145 0.48508 0.053131 0.0544495 2046
2 0.446095 0.448812 0.0343835 0.0310556 2058
2 0.403006 0.43558 0.0258152 0.0239612 2068
2 0.362131 0.421598 0.0206876 0.020578 2069
2 0.485145 0.412851 0.0282858 0.0189503 2079
