2 0.345014 0.709226 0.177548 0.128563 1733
0 0.480398 0.514221 0.0160306 0.0505282 1743
2 0.310549 0.550979 0.0886449 0.0717547 1811
0 0.434246 0.540133 0.0110348 0.0541555 1885
2 0.0249326 0.657234 0.0484979 0.0575029 1941
1 0.480009 0.529937 0.0139605 0.03799 1888
2 0.915516 0.502245 0.0965901 0.0587202 1792
2 0.362241 0.398082 0.0142816 0.0126951 2036
2 0.510961 0.468095 0.0478416 0.0415377 2058
2 0.441791 0.446871 0.0314917 0.0288506 2068
2 0.380087 0.427807 0.0232974 0.0236153 2069
2 0.439697 0.408581 0.0237275 0.0161775 2079
2 0.629793 0.453359 0.0558529 0.0417191 1526
2 0.762679 0.567199 0.101285 0.0953096 2025
