2 0.344313 0.708561 0.178607 0.129023 1733
0 0.479814 0.513099 0.0155854 0.0493846 1743
2 0.309761 0.55139 0.0877109 0.0707369 1811
0 0.432163 0.539286 0.0117277 0.0536439 1885
2 0.0241466 0.657427 0.0474622 0.056375 1941
1 0.479693 0.532103 0.0128685 0.0330331 1888
2 0.902705 0.501357 0.101221 0.0593977 1792
2 0.59317 0.490078 0.0583558 0.0492354 2068
2 0.448775 0.445575 0.0341596 0.0342116 2069
2 0.39409 0.400737 0.0164726 0.0119902 2079
2 0.628727 0.453178 0.0559113 0.0413268 1526
2 0.340812 0.427212 0.021218 0.0239305 2088
2 0.0936214 0.458774 0.0161686 0.0149416 2089
2 0.734123 0.468488 0.0797068 0.0538107 1655
2 0.897676 0.577138 0.114201 0.0876673 2025
