2 0.343994 0.708717 0.179047 0.129408 1733
0 0.48006 0.513913 0.0159098 0.0503742 1743
2 0.30976 0.551321 0.0882442 0.0711781 1811
0 0.4319 0.539451 0.0116989 0.0539031 1885
2 0.0240868 0.65753 0.0476068 0.0567927 1941
1 0.479577 0.53147 0.0141631 0.0359535 1888
2 0.902682 0.501597 0.100722 0.0591525 1792
2 0.500162 0.45926 0.0444873 0.0437837 2069
2 0.384228 0.400918 0.0157633 0.0120647 2079
2 0.628838 0.452471 0.057251 0.0424379 1526
2 0.356295 0.432891 0.0243784 0.0269189 2088
2 0.0936332 0.459126 0.0151996 0.0143271 2089
2 0.733765 0.469247 0.0772263 0.0521607 1655
2 0.467278 0.411749 0.0241479 0.0171219 2110
2 0.744733 0.533894 0.0841239 0.065935 2058
