2 0.34435 0.70908 0.177886 0.128418 1733
0 0.480073 0.513326 0.015734 0.0495898 1743
2 0.309743 0.551407 0.0876287 0.0707993 1811
0 0.433181 0.53998 0.011447 0.0542197 1885
2 0.0241431 0.657363 0.0476382 0.056615 1941
1 0.479696 0.531467 0.0134595 0.0351715 1888
2 0.902903 0.501642 0.101367 0.0594163 1792
2 0.529907 0.471307 0.0470819 0.041102 2068
2 0.420706 0.438949 0.0297448 0.0301667 2069
2 0.403378 0.403643 0.0190272 0.0136476 2079
2 0.628884 0.452702 0.0567453 0.0419686 1526
2 0.331976 0.42372 0.0191759 0.021881 2088
2 0.0937443 0.458827 0.0154778 0.0139812 2089
2 0.734071 0.469885 0.0771959 0.0516737 1655
2 0.716302 0.530513 0.0780921 0.0680995 2046
