2 0.344238 0.709415 0.177367 0.12809 1733
0 0.4801 0.5139 0.015964 0.0501628 1743
2 0.309822 0.551302 0.088129 0.071359 1811
0 0.433399 0.540305 0.0112931 0.0537664 1885
2 0.0242641 0.657605 0.0475852 0.0565365 1941
1 0.479632 0.531399 0.0135754 0.0357572 1888
2 0.903027 0.501631 0.10056 0.058851 1792
2 0.629121 0.5057 0.0707843 0.0574812 2058
2 0.498286 0.462224 0.0420037 0.0373082 2068
2 0.406067 0.435469 0.0276832 0.028032 2069
2 0.411635 0.405225 0.0209359 0.0148072 2079
2 0.628961 0.453539 0.0555197 0.0409425 1526
2 0.326701 0.421638 0.0188286 0.0215701 2088
2 0.0939599 0.459264 0.0159886 0.0143477 2089
2 0.734384 0.468647 0.0807615 0.0540817 1655
