2 0.344934 0.709313 0.178053 0.128719 1733
0 0.480473 0.515488 0.0149729 0.0467827 1743
2 0.310492 0.55114 0.088898 0.0717713 1811
0 0.433721 0.539798 0.0114093 0.0531944 1885
2 0.0246738 0.65817 0.0475256 0.0564256 1941
1 0.479946 0.531233 0.0141897 0.0362188 1888
2 0.904233 0.502192 0.100235 0.058743 1792
2 0.579534 0.482504 0.0589267 0.0560099 2069
2 0.377479 0.40011 0.0153032 0.0123028 2079
2 0.629956 0.4533 0.0567978 0.0422258 1526
2 0.377732 0.440001 0.0296014 0.0318459 2088
2 0.095263 0.459067 0.0153259 0.0145596 2089
2 0.432615 0.44352 0.0225033 0.0269861 2114
2 0.339678 0.429424 0.0163626 0.0182233 2116
2 0.951891 0.586381 0.0985579 0.0754551 2039
2 0.43866 0.409433 0.0212986 0.0155712 2119
