2 0.344508 0.709117 0.177769 0.128649 1733
0 0.480463 0.51343 0.0161494 0.0495295 1743
2 0.309966 0.551077 0.0886994 0.0716003 1811
0 0.434251 0.539985 0.0110193 0.0533837 1885
2 0.0244057 0.657309 0.0484977 0.0571452 1941
1 0.479579 0.531478 0.0135354 0.0351083 1888
2 0.0942093 0.458111 0.0142194 0.0137643 2089
2 0.790444 0.542738 0.0857759 0.0712276 2114
2 0.432736 0.462225 0.0346723 0.0349975 2116
2 0.372728 0.439864 0.0262904 0.0272658 2122
2 0.629202 0.453685 0.054524 0.0413417 1526
2 0.413645 0.43903 0.0328278 0.0266308 2126
2 0.903342 0.502147 0.100978 0.0592999 1792
2 0.581611 0.510885 0.0830154 0.077181 2088
