2 0.344396 0.708537 0.177709 0.128437 1733
0 0.480273 0.513134 0.0163487 0.0504123 1743
2 0.309842 0.55053 0.0885654 0.0715636 1811
0 0.429433 0.541157 0.0123978 0.0556348 1885
2 0.0243972 0.656533 0.0482911 0.0571602 1941
1 0.479971 0.52969 0.0146961 0.0378683 1888
2 0.0930521 0.457982 0.012535 0.0118222 2089
2 0.493344 0.483443 0.0478415 0.0464461 2116
2 0.402372 0.44876 0.0320791 0.0332231 2122
2 0.631913 0.449161 0.0462372 0.0343081 1526
2 0.452483 0.449074 0.0382713 0.0311436 2126
2 0.903438 0.502075 0.10029 0.0588702 1792
2 0.355125 0.4197 0.0201917 0.0192174 2127
2 0.335016 0.425608 0.0162296 0.0188322 2129
