2 0.344032 0.70836 0.178048 0.128577 1733
0 0.480371 0.51369 0.0164303 0.0503452 1743
2 0.30967 0.55044 0.0887284 0.0718167 1811
0 0.427581 0.541476 0.0135226 0.0538033 1885
2 0.0239771 0.656439 0.0475321 0.0564558 1941
1 0.479545 0.530784 0.014181 0.0362154 1888
2 0.0933044 0.45749 0.0146642 0.0135943 2089
2 0.633979 0.534648 0.078861 0.0713993 2116
2 0.459893 0.467654 0.0436937 0.043571 2122
2 0.628689 0.454013 0.0547724 0.0403924 1526
2 0.531006 0.470903 0.0514384 0.0418258 2126
2 0.906707 0.504101 0.106916 0.0633721 1792
2 0.377795 0.425718 0.0245551 0.0237189 2127
2 0.356435 0.434872 0.0184462 0.0208225 2129
2 0.426235 0.440989 0.0274276 0.0275839 2134
2 0.740853 0.471232 0.0733725 0.0513463 2136
