2 0.344398 0.708366 0.177871 0.128439 1733
0 0.480596 0.513364 0.0164155 0.0503599 1743
2 0.309882 0.550476 0.088721 0.0718038 1811
0 0.427545 0.541355 0.0134322 0.0540007 1885
2 0.0243293 0.656876 0.0475928 0.0564084 1941
1 0.479847 0.530907 0.0134777 0.0344699 1888
2 0.0935651 0.457975 0.0134581 0.0123894 2089
2 0.596942 0.5214 0.0697439 0.0642977 2116
2 0.446425 0.463045 0.0404651 0.0406006 2122
2 0.628897 0.45236 0.0569274 0.0422409 1526
2 0.511448 0.464485 0.0495097 0.0406252 2126
2 0.904914 0.501961 0.100157 0.059099 1792
2 0.372945 0.424376 0.0232805 0.0224457 2127
2 0.351469 0.432919 0.0177263 0.0201634 2129
2 0.418403 0.438854 0.0259959 0.026172 2134
2 0.741505 0.469782 0.0724244 0.0507855 2136
