2 0.344374 0.708442 0.177828 0.128415 1733
0 0.480252 0.51286 0.0161772 0.0497184 1743
2 0.309736 0.550266 0.0890906 0.0721059 1811
0 0.427578 0.541108 0.0131648 0.0542206 1885
2 0.0243139 0.656913 0.0478662 0.0567742 1941
1 0.479811 0.530361 0.0139993 0.035938 1888
2 0.0935429 0.458079 0.0129241 0.0119212 2089
2 0.565129 0.509552 0.0627479 0.0588091 2116
2 0.433726 0.458788 0.0378648 0.0383541 2122
2 0.629023 0.452034 0.0565027 0.0418493 1526
2 0.493987 0.459722 0.0462773 0.0380151 2126
2 0.903186 0.501604 0.100712 0.0591745 1792
2 0.368156 0.422712 0.0231815 0.0222994 2127
2 0.346875 0.431013 0.0170074 0.0194542 2129
2 0.410871 0.436552 0.0250554 0.0252184 2134
2 0.741927 0.465463 0.0683687 0.0480111 2136
2 0.94975 0.623746 0.133542 0.111689 2114
