2 0.34451 0.706841 0.177913 0.128769 1733
0 0.480087 0.513303 0.0161506 0.0509339 1743
2 0.309429 0.550303 0.0884919 0.0716312 1811
0 0.431875 0.541084 0.0110479 0.0525612 1885
2 0.0238776 0.655773 0.0471866 0.0565358 1941
1 0.479806 0.531919 0.0128874 0.0343389 1888
2 0.0932221 0.456916 0.0147978 0.0136707 2089
2 0.628578 0.455455 0.0524225 0.0381811 1526
2 0.902838 0.502923 0.101318 0.0595431 1792
2 0.686298 0.510393 0.0868152 0.0751646 2127
2 0.525463 0.470043 0.043804 0.044181 2141
2 0.3483 0.432126 0.0201757 0.0200994 2154
2 0.375466 0.426792 0.0207547 0.0191895 2158
2 0.286765 0.432994 0.0172207 0.0227191 2162
2 0.74122 0.471853 0.0770578 0.0525338 2136
2 0.927861 0.623 0.154074 0.105589 2145
