2 0.344977 0.707918 0.178081 0.128648 1733
0 0.480248 0.513013 0.0163456 0.0512931 1743
2 0.309636 0.550128 0.0884523 0.0715795 1811
0 0.431879 0.540269 0.011188 0.0524178 1885
2 0.0241438 0.655918 0.0473032 0.056573 1941
1 0.480151 0.53195 0.0124015 0.032967 1888
2 0.0936023 0.457008 0.014593 0.0134131 2089
2 0.629089 0.45267 0.0513585 0.0375056 1526
2 0.903228 0.502282 0.101237 0.0594414 1792
2 0.652407 0.500946 0.0788832 0.0691297 2127
2 0.508964 0.464164 0.0410934 0.0418859 2141
2 0.347051 0.431444 0.0195976 0.0195205 2154
2 0.373143 0.425971 0.0211902 0.0197781 2158
2 0.287801 0.43213 0.0152987 0.0199718 2162
2 0.741297 0.471229 0.0769269 0.0525354 2136
