2 0.344478 0.70817 0.178101 0.128713 1733
0 0.480808 0.513101 0.0163065 0.0504686 1743
2 0.309825 0.550344 0.0879585 0.071194 1811
0 0.432332 0.540767 0.0115026 0.0528497 1885
2 0.0242437 0.655569 0.0469365 0.0561501 1941
1 0.480137 0.530609 0.0135903 0.0356477 1888
2 0.0937389 0.457047 0.0142933 0.0130425 2089
2 0.629335 0.453501 0.0563178 0.0417389 1526
2 0.9034 0.502636 0.100702 0.0590516 1792
2 0.574024 0.479215 0.0626115 0.056383 2127
2 0.650655 0.537868 0.0793866 0.0726358 2129
2 0.464976 0.451778 0.0343539 0.0358895 2141
2 0.342697 0.429665 0.0179095 0.0179859 2154
2 0.365807 0.424359 0.0189083 0.0177618 2158
2 0.287656 0.427698 0.0142332 0.0182912 2162
2 0.887685 0.570446 0.100477 0.0836013 2122
2 0.740004 0.471803 0.0757535 0.0520364 2136
