2 0.34881 0.70552 0.178238 0.129504 1733
0 0.48093 0.512227 0.0160831 0.050647 1743
2 0.3098 0.549535 0.0886171 0.0717863 1811
0 0.431748 0.540006 0.0107738 0.0526287 1885
2 0.0242742 0.655494 0.0472921 0.0565645 1941
1 0.480055 0.529644 0.0135512 0.0365323 1888
2 0.0938474 0.456839 0.0140103 0.0129457 2089
2 0.626836 0.453294 0.0565675 0.0415042 1526
2 0.903446 0.502238 0.101002 0.0594385 1792
2 0.771266 0.531734 0.102473 0.0864362 2127
2 0.563995 0.480634 0.0509216 0.0500976 2141
2 0.351041 0.43269 0.0205544 0.020581 2154
2 0.380383 0.427979 0.022085 0.020318 2158
2 0.283482 0.43703 0.0178055 0.0234558 2162
2 0.740148 0.469265 0.0737633 0.0492441 2136
2 0.469726 0.411058 0.0210885 0.017636 2179
