2 0.373884 0.699661 0.176046 0.129153 1733
0 0.481736 0.51319 0.0159295 0.0505329 1743
2 0.311392 0.550167 0.087756 0.071095 1811
0 0.43341 0.541407 0.010339 0.0525502 1885
2 0.025365 0.655241 0.0481466 0.0569362 1941
1 0.479297 0.530005 0.01503 0.0396267 1888
2 0.0956484 0.456813 0.013552 0.012616 2089
2 0.615743 0.45282 0.0504646 0.038574 1526
2 0.905797 0.503479 0.100252 0.0587199 1792
2 0.668761 0.512351 0.0700905 0.0644626 2141
2 0.3576 0.434528 0.0208214 0.02067 2154
2 0.388942 0.430494 0.0236708 0.021474 2158
2 0.267248 0.448478 0.0218295 0.026756 2162
2 0.441028 0.40835 0.0187464 0.0155216 2179
2 0.966163 0.581038 0.106085 0.0907002 2126
