2 0.782105 0.679478 0.173447 0.129842 1733
0 0.482148 0.51081 0.0156803 0.05232 1743
2 0.310651 0.548865 0.0882765 0.0719825 1811
0 0.432383 0.541265 0.01075 0.0537367 1885
2 0.0247673 0.654594 0.0485541 0.0568513 1941
1 0.479091 0.527864 0.0169336 0.0403176 1888
2 0.0949587 0.456189 0.0138585 0.0130675 2089
2 0.476332 0.44463 0.0458627 0.0344648 1526
2 0.847675 0.491984 0.0931161 0.0550279 1792
2 0.362483 0.435175 0.0218909 0.0214854 2154
2 0.394901 0.431673 0.0256703 0.0230025 2158
2 0.18262 0.483817 0.0344382 0.0321905 2184
2 0.412665 0.396219 0.0214216 0.0172957 2185
2 0.068316 0.809778 0.116314 0.126341 2189
