2 0.635666 0.669801 0.15995 0.121213 1733
0 0.48215 0.510704 0.015713 0.0520118 1743
2 0.310623 0.549109 0.088442 0.0720018 1811
0 0.432585 0.541549 0.0106414 0.0540901 1885
2 0.0247364 0.654746 0.0482595 0.0567732 1941
1 0.478689 0.527753 0.0167642 0.0405235 1888
2 0.0953424 0.455555 0.015386 0.0144947 2089
2 0.515434 0.443258 0.0456734 0.0345173 1526
2 0.879684 0.498507 0.097399 0.0571311 1792
2 0.361897 0.435791 0.0223859 0.0221366 2154
2 0.3947 0.431055 0.0236018 0.0211278 2158
2 0.101625 0.515167 0.0533461 0.0477667 2162
2 0.226184 0.466697 0.0278947 0.02907 2184
2 0.428288 0.398479 0.0240049 0.0185999 2185
