2 0.967949 0.705312 0.157766 0.125991 1733
0 0.481852 0.510522 0.0154535 0.051699 1743
2 0.311357 0.549057 0.0883898 0.0720574 1811
0 0.433822 0.541639 0.0106864 0.0537706 1885
2 0.025497 0.655366 0.0492848 0.0573657 1941
1 0.479668 0.528869 0.0165322 0.0391734 1888
2 0.0965642 0.456654 0.0139908 0.0134063 2089
2 0.422986 0.449949 0.0469215 0.0353865 1526
2 0.78879 0.480163 0.087056 0.0521616 1792
2 0.363703 0.436291 0.0223408 0.0219112 2154
2 0.395641 0.431746 0.0252811 0.0226227 2158
2 0.0997429 0.517659 0.0509873 0.0418965 2184
2 0.394184 0.392764 0.0172321 0.0144847 2185
2 0.180714 0.777682 0.153257 0.154742 2189
