2 0.891209 0.693742 0.186817 0.137158 1733
0 0.482365 0.510639 0.0152548 0.0516035 1743
2 0.311209 0.549432 0.0878926 0.0715804 1811
0 0.433058 0.540853 0.0105043 0.053135 1885
2 0.0253108 0.655286 0.0489476 0.057136 1941
1 0.479546 0.528383 0.0167802 0.0399169 1888
2 0.0957322 0.456551 0.0140177 0.0134113 2089
2 0.449918 0.447029 0.0463474 0.0349242 1526
2 0.820757 0.486521 0.0905722 0.0537948 1792
2 0.363192 0.436247 0.0223781 0.0219773 2154
2 0.395519 0.431985 0.0249074 0.0222396 2158
2 0.145232 0.499424 0.0421282 0.0366015 2184
2 0.403027 0.394723 0.0191861 0.0157778 2185
2 0.108079 0.80074 0.141714 0.150198 2189
