2 0.930876 0.698277 0.172595 0.129508 1733
0 0.481944 0.510501 0.0153177 0.051558 1743
2 0.311305 0.549206 0.0883587 0.0719983 1811
0 0.433477 0.541287 0.0106143 0.0536662 1885
2 0.0254481 0.655414 0.0491676 0.057307 1941
1 0.479539 0.528798 0.0166308 0.0394902 1888
2 0.0961536 0.456418 0.0146464 0.0141466 2089
2 0.436637 0.447872 0.0473625 0.0357402 1526
2 0.805481 0.483247 0.0873292 0.0519177 1792
2 0.363498 0.436328 0.0225039 0.0220832 2154
2 0.395653 0.43189 0.0252501 0.0225754 2158
2 0.123519 0.507913 0.0464797 0.0392288 2184
2 0.398305 0.393941 0.0181891 0.0151567 2185
2 0.139146 0.790274 0.148887 0.154046 2189
