0 0.481196 0.509168 0.0158125 0.052415 1743
2 0.310196 0.547479 0.0887679 0.0724014 1811
0 0.434178 0.536932 0.0115487 0.0545136 1885
2 0.0245358 0.654507 0.0489624 0.0571959 1941
1 0.479153 0.526044 0.0165839 0.0392636 1888
2 0.0943655 0.455293 0.0135043 0.01258 2089
2 0.362197 0.433857 0.0221915 0.0222009 2154
2 0.394298 0.429628 0.0250254 0.0223507 2158
2 0.897808 0.689156 0.174605 0.138694 2189
2 0.559642 0.443577 0.0543356 0.0377052 2136
2 0.864448 0.490502 0.0558416 0.0571897 2192
2 0.318352 0.416494 0.0150408 0.0172512 2193
2 0.263885 0.759874 0.216448 0.132396 2194
2 0.287094 0.394341 0.010957 0.0117635 2196
2 0.185229 0.503795 0.0651828 0.0496589 1526
