0 0.481707 0.507507 0.01533 0.0503093 1743
2 0.310239 0.546939 0.088679 0.0725514 1811
0 0.433934 0.535879 0.0116044 0.0539011 1885
2 0.0242216 0.655439 0.0489977 0.0574225 1941
1 0.478999 0.525235 0.0168132 0.0397844 1888
2 0.0945171 0.455355 0.0138869 0.0130026 2089
2 0.362566 0.433443 0.0223017 0.0220642 2154
2 0.393842 0.427128 0.0217676 0.0191278 2158
2 0.518123 0.4402 0.0510979 0.0357114 2136
2 0.783546 0.474375 0.0568041 0.0512388 2192
2 0.32445 0.418705 0.0153864 0.0173997 2193
2 0.406101 0.716309 0.199318 0.126213 2194
2 0.28818 0.395477 0.011164 0.0119337 2196
2 0.109664 0.529453 0.0723627 0.0548975 1526
