0 0.481585 0.508786 0.0155275 0.0506813 1743
2 0.309962 0.547776 0.0885724 0.0724746 1811
0 0.433775 0.537564 0.0116373 0.0538444 1885
2 0.0242147 0.65493 0.0484779 0.0569008 1941
1 0.478838 0.526017 0.0169152 0.0401416 1888
2 0.0938787 0.455841 0.013981 0.0131235 2089
2 0.361277 0.434487 0.0223359 0.0223369 2154
2 0.394489 0.429407 0.0242268 0.0214013 2158
2 0.508143 0.441354 0.0493246 0.0352757 2136
2 0.758203 0.471475 0.0577051 0.0503668 2192
2 0.32616 0.420774 0.0151644 0.0170625 2193
2 0.449854 0.705991 0.191381 0.122934 2194
2 0.0828313 0.540088 0.0746831 0.0567845 1526
2 0.3109 0.412944 0.0124522 0.0153884 2197
