0 0.481292 0.508768 0.0155819 0.0501578 1743
2 0.310252 0.547883 0.0881438 0.0723933 1811
0 0.43422 0.537746 0.0119603 0.0540822 1885
2 0.0244633 0.655082 0.0482077 0.0566008 1941
1 0.479277 0.526214 0.0170639 0.0406071 1888
2 0.0936875 0.456471 0.0132051 0.0124508 2089
2 0.362364 0.434633 0.0224797 0.0221799 2154
2 0.394313 0.43059 0.0251955 0.0224468 2158
2 0.452557 0.442743 0.0468761 0.0333321 2136
2 0.671246 0.456666 0.0554064 0.0433137 2192
2 0.333927 0.423526 0.0164746 0.0180861 2193
2 0.628507 0.671454 0.160532 0.107761 2194
2 0.317035 0.415248 0.0141865 0.017359 2197
2 0.373635 0.422721 0.0199092 0.0217936 2198
