0 0.480962 0.507705 0.0156081 0.0501653 1743
2 0.309497 0.547393 0.0882864 0.0729142 1811
0 0.434068 0.536421 0.0121102 0.0541134 1885
2 0.0240097 0.655314 0.0480466 0.056898 1941
1 0.478676 0.525708 0.0163128 0.0387467 1888
2 0.0933837 0.456425 0.0135733 0.0126901 2089
2 0.361514 0.434186 0.0216206 0.0211555 2154
2 0.393236 0.429598 0.0252616 0.0222064 2158
2 0.290669 0.465446 0.0524832 0.038593 2136
2 0.477671 0.442037 0.0492629 0.0348824 2192
2 0.345217 0.426836 0.019262 0.0217363 2193
2 0.329124 0.419841 0.016925 0.0203172 2197
2 0.372875 0.421967 0.0193548 0.0215689 2198
2 0.294117 0.407233 0.00967003 0.0118375 2196
2 0.359582 0.734118 0.160876 0.142187 2191
