0 0.481526 0.506737 0.0153722 0.0492789 1743
2 0.309849 0.546861 0.0882138 0.0728671 1811
0 0.434214 0.535896 0.0121982 0.0545316 1885
2 0.024234 0.654687 0.0480878 0.0568167 1941
1 0.478747 0.525438 0.0161261 0.0383146 1888
2 0.0935209 0.455992 0.0131973 0.0123678 2089
2 0.361263 0.433654 0.0220391 0.021685 2154
2 0.393444 0.428957 0.0255363 0.0224711 2158
2 0.304743 0.461703 0.0525781 0.0385119 2136
2 0.49289 0.441062 0.0488997 0.0348711 2192
2 0.345015 0.426561 0.0187963 0.0210806 2193
2 0.328767 0.419458 0.0167249 0.0200938 2197
2 0.372663 0.421022 0.0191689 0.0212947 2198
2 0.293533 0.405972 0.00960417 0.0114327 2196
2 0.315323 0.746041 0.160258 0.143656 2191
