0 0.48085 0.507476 0.0157884 0.0511707 1743
2 0.309206 0.546852 0.0877621 0.0724095 1811
0 0.433386 0.535609 0.0122166 0.0545129 1885
2 0.023659 0.654177 0.0471112 0.0559913 1941
1 0.477947 0.525218 0.0166557 0.0390815 1888
2 0.0929171 0.454999 0.0139067 0.0130184 2089
2 0.360972 0.433328 0.022359 0.0220306 2154
2 0.392904 0.428736 0.0258122 0.0227696 2158
2 0.261524 0.470212 0.0560065 0.0417337 2136
2 0.448104 0.443802 0.0492572 0.0347363 2192
2 0.34504 0.426409 0.0189431 0.021669 2193
2 0.330076 0.419657 0.01652 0.0199312 2197
2 0.372401 0.420793 0.01908 0.0212597 2198
2 0.294571 0.407825 0.0103114 0.013573 2196
2 0.442783 0.711742 0.159583 0.139497 2191
