0 0.479382 0.509318 0.0154872 0.0501938 1743
2 0.308348 0.54702 0.0879935 0.0720674 1811
0 0.432357 0.534951 0.0121152 0.0548521 1885
2 0.0229817 0.653975 0.0454922 0.0553659 1941
1 0.478941 0.528437 0.0148024 0.0356797 1888
2 0.0911572 0.454978 0.0136202 0.0128584 2089
2 0.360167 0.433517 0.0223738 0.0216834 2154
2 0.3922 0.428984 0.0259117 0.0225969 2158
2 0.0902921 0.520501 0.0718467 0.0539387 2136
2 0.29005 0.472641 0.0594331 0.0417648 2192
2 0.344339 0.426533 0.0189916 0.0221045 2193
2 0.331379 0.420422 0.0171658 0.0228741 2197
2 0.371776 0.421266 0.0190713 0.0210832 2198
2 0.898709 0.661605 0.148581 0.115853 2191
2 0.340947 0.73135 0.121097 0.128425 2199
