0 0.479292 0.50746 0.0150597 0.0485382 1743
2 0.3079 0.547155 0.0884109 0.072915 1811
0 0.432289 0.535991 0.0123336 0.0554092 1885
2 0.0227967 0.654231 0.0466547 0.0559873 1941
1 0.477189 0.52706 0.0165498 0.0384602 1888
2 0.0911606 0.455129 0.013742 0.0129167 2089
2 0.359798 0.434198 0.0222895 0.0219381 2154
2 0.392043 0.429471 0.0252716 0.0223013 2158
2 0.232796 0.478102 0.0569785 0.0432149 2136
2 0.419099 0.447315 0.0512482 0.0358764 2192
2 0.34426 0.427112 0.0189005 0.021571 2193
2 0.329483 0.420104 0.0167205 0.0205374 2197
2 0.37147 0.421849 0.0188133 0.0209984 2198
2 0.524755 0.693233 0.155073 0.134694 2191
2 0.0604223 0.810256 0.0671067 0.108234 2199
