0 0.478868 0.50944 0.0155408 0.0499546 1743
2 0.307827 0.54787 0.0879554 0.0722148 1811
0 0.432123 0.537334 0.0121841 0.0551962 1885
2 0.0225311 0.653682 0.0455517 0.0552418 1941
1 0.477326 0.526874 0.017384 0.0403944 1888
2 0.091156 0.454757 0.0142463 0.013315 2089
2 0.359702 0.434046 0.0206729 0.0200709 2154
2 0.39212 0.430397 0.0246712 0.0213939 2158
2 0.166269 0.496874 0.0616161 0.0461096 2136
2 0.358174 0.457881 0.0551211 0.038597 2192
2 0.343795 0.427968 0.0187548 0.0216578 2193
2 0.330602 0.421555 0.0180198 0.0233062 2197
2 0.371365 0.423399 0.0185287 0.0204959 2198
2 0.70362 0.667647 0.141774 0.120712 2191
2 0.172537 0.774971 0.0994698 0.131233 2199
