0 0.479034 0.510118 0.0153914 0.0496812 1743
2 0.308138 0.547812 0.0882964 0.072364 1811
0 0.432418 0.536699 0.0121943 0.0553048 1885
2 0.0228805 0.653833 0.0455492 0.0554012 1941
1 0.478007 0.527552 0.0165701 0.0392261 1888
2 0.0914801 0.454848 0.0146532 0.0137867 2089
2 0.360208 0.43474 0.0222134 0.0214311 2154
2 0.392356 0.430428 0.0255528 0.022232 2158
2 0.110384 0.514009 0.0696274 0.0521855 2136
2 0.307913 0.468506 0.0569196 0.0399427 2192
2 0.344171 0.427388 0.0188701 0.0219224 2193
2 0.331375 0.421942 0.0171975 0.0227852 2197
2 0.371606 0.423008 0.0189037 0.0208629 2198
2 0.845387 0.662738 0.146299 0.116878 2191
2 0.299107 0.741986 0.116468 0.129639 2199
