0 0.480306 0.507081 0.013668 0.0483254 1743
2 0.308432 0.546124 0.0880611 0.0723568 1811
0 0.432743 0.534372 0.0120251 0.0550143 1885
2 0.0230319 0.65361 0.0452399 0.0555284 1941
1 0.478737 0.529014 0.0127646 0.0313173 1888
2 0.0919674 0.454329 0.0139085 0.0128642 2089
2 0.36016 0.432531 0.0221028 0.0217131 2154
2 0.392554 0.427874 0.0257579 0.0226165 2158
2 0.135149 0.518758 0.0804303 0.0571895 2192
2 0.344129 0.425224 0.0187637 0.0221162 2193
2 0.331086 0.420219 0.015693 0.0208557 2197
2 0.371797 0.419876 0.0195557 0.0218826 2198
2 0.642592 0.673231 0.127456 0.108202 2199
2 0.31314 0.414547 0.0127375 0.0153991 2201
