0 0.481246 0.509199 0.0129597 0.0494172 1743
2 0.309052 0.547214 0.0881828 0.0727551 1811
0 0.432763 0.534896 0.0119839 0.0543304 1885
2 0.0236268 0.654848 0.0458061 0.055812 1941
1 0.47967 0.529154 0.0127962 0.0331265 1888
2 0.0930656 0.455413 0.0146186 0.0130583 2089
2 0.360727 0.433581 0.0214889 0.0218398 2154
2 0.393102 0.42922 0.0254162 0.0224567 2158
2 0.344679 0.426199 0.0185534 0.0223469 2193
2 0.332288 0.420547 0.0154423 0.0212688 2197
2 0.372591 0.421064 0.0191469 0.0217559 2198
2 0.319839 0.419401 0.0133104 0.0160641 2201
