0 0.481512 0.509816 0.0128547 0.0486219 1743
2 0.309643 0.547723 0.0877398 0.072255 1811
0 0.433202 0.536044 0.01223 0.0539737 1885
2 0.0240686 0.655267 0.046771 0.0565343 1941
1 0.480574 0.527239 0.0136234 0.0368885 1888
2 0.093388 0.455389 0.0152826 0.0142105 2089
2 0.360668 0.434227 0.0214983 0.0220997 2154
2 0.39337 0.42971 0.0249036 0.0220928 2158
2 0.345081 0.426675 0.018231 0.0216559 2193
2 0.332699 0.420338 0.0150805 0.0218738 2197
2 0.372735 0.421208 0.0181355 0.0207551 2198
2 0.320831 0.419405 0.0132976 0.0178839 2201
2 0.310966 0.414019 0.0127342 0.0160064 2205
