0 0.481764 0.509641 0.0128889 0.0489837 1743
2 0.309637 0.547451 0.0881245 0.0726308 1811
0 0.433746 0.536424 0.0122467 0.0543207 1885
2 0.024056 0.655486 0.0468133 0.0566338 1941
1 0.480374 0.527788 0.0130486 0.0350909 1888
2 0.0931964 0.456622 0.0143134 0.013162 2089
2 0.360903 0.434096 0.0214477 0.0219665 2154
2 0.393296 0.429452 0.0249175 0.0221459 2158
2 0.345031 0.426599 0.0182462 0.0217187 2193
2 0.332565 0.419858 0.0154209 0.0223633 2197
2 0.372743 0.421066 0.0180172 0.0206641 2198
2 0.320797 0.418137 0.0149236 0.0199634 2201
2 0.310543 0.413909 0.01245 0.0156664 2205
