0 0.481842 0.509588 0.0129496 0.0495644 1743
2 0.309247 0.547296 0.0881759 0.0727514 1811
0 0.433501 0.53548 0.012057 0.0546031 1885
2 0.0238332 0.655109 0.0464146 0.0564158 1941
1 0.480296 0.529442 0.0121566 0.0314637 1888
2 0.0930958 0.45563 0.0150072 0.0136619 2089
2 0.360913 0.433706 0.0220151 0.0224467 2154
2 0.393339 0.429279 0.0252769 0.022418 2158
2 0.344974 0.426638 0.0180406 0.0215931 2193
2 0.332367 0.421746 0.0146947 0.0204711 2197
2 0.372631 0.420972 0.0189117 0.0216685 2198
2 0.320505 0.419673 0.013462 0.0166642 2201
