0 0.483946 0.499286 0.0100839 0.0381878 1743
2 0.311061 0.548296 0.0864018 0.0708399 1811
0 0.439242 0.534095 0.0122956 0.0534415 1885
2 0.0244805 0.656663 0.0470861 0.0564445 1941
1 0.484652 0.52146 0.0102273 0.0285031 1888
2 0.0940453 0.457685 0.0143486 0.0135923 2089
2 0.361203 0.435279 0.0212699 0.0217018 2154
2 0.393819 0.43066 0.0254637 0.0226746 2158
2 0.345337 0.427924 0.0180065 0.0211667 2193
2 0.333436 0.423391 0.0147394 0.0208597 2197
2 0.373212 0.423343 0.0180753 0.0199457 2198
2 0.321409 0.421453 0.0118961 0.0164637 2201
2 0.313465 0.41576 0.0132119 0.0168942 2205
