2 0.392435 0.498469 0.0659548 0.0541964 1811
2 0.137223 0.595545 0.0950208 0.0846653 1941
2 0.0920099 0.455267 0.0152952 0.0145782 2089
2 0.360084 0.43356 0.0214002 0.0216151 2154
2 0.392719 0.429149 0.0251898 0.0223309 2158
2 0.344542 0.426249 0.0192784 0.0227552 2193
2 0.331312 0.421491 0.0141122 0.0205454 2197
2 0.371907 0.421798 0.0184006 0.0201162 2198
2 0.319807 0.419384 0.0115445 0.0163111 2201
2 0.31208 0.414527 0.0132628 0.0162959 2205
0 0.541246 0.468411 0.0133027 0.0379856 2207
1 0.540702 0.480739 0.0145496 0.0260723 2208
2 0.40132 0.457843 0.0585622 0.0402818 2209
