2 0.382104 0.505322 0.0686324 0.0561464 1811
0 0.481384 0.509292 0.0110737 0.0494578 1885
2 0.111102 0.60841 0.095911 0.0884599 1941
2 0.0918876 0.455407 0.0154193 0.0147464 2089
2 0.359942 0.434312 0.0206338 0.0208581 2154
2 0.392707 0.429668 0.0249959 0.0221905 2158
2 0.344196 0.426787 0.0190113 0.0224653 2193
2 0.331307 0.422266 0.0140127 0.0202786 2197
2 0.372416 0.422361 0.0180974 0.0198743 2198
2 0.319871 0.419599 0.0118332 0.0166776 2201
2 0.311914 0.414535 0.0137301 0.0168013 2205
0 0.535123 0.470185 0.0128874 0.03672 2207
1 0.534709 0.484832 0.0141466 0.0256727 2208
