2 0.478449 0.443523 0.0373219 0.03418 1811
2 0.363185 0.481689 0.061184 0.0490655 1941
2 0.0903046 0.455659 0.0152048 0.0145774 2089
2 0.35909 0.434209 0.0218603 0.0219143 2154
2 0.391015 0.429675 0.0252549 0.0221419 2158
2 0.343368 0.427067 0.0191695 0.0219153 2193
2 0.330247 0.421649 0.0141617 0.0203981 2197
2 0.370414 0.422425 0.0185688 0.019741 2198
2 0.318664 0.420013 0.0117575 0.0165959 2201
2 0.310665 0.415311 0.0126732 0.015601 2205
2 0.0978835 0.662558 0.0523795 0.103562 2212
2 0.0575945 0.637024 0.100275 0.0806564 2217
2 0.458839 0.421855 0.0402338 0.030983 2209
