2 0.4518 0.463562 0.0487501 0.0409745 1811
2 0.287908 0.521414 0.0767398 0.0616161 1941
2 0.0912123 0.45504 0.0147959 0.0139651 2089
2 0.359591 0.434018 0.0221028 0.022231 2154
2 0.391795 0.429433 0.0257911 0.0226905 2158
2 0.34437 0.426567 0.0195262 0.0225509 2193
2 0.330864 0.42178 0.0139309 0.0203883 2197
2 0.371486 0.421825 0.0190586 0.0206498 2198
2 0.319453 0.419544 0.0115474 0.0163337 2201
2 0.311783 0.414427 0.0131861 0.0160671 2205
0 0.574128 0.453697 0.0128114 0.0387673 2207
1 0.572491 0.468895 0.0116944 0.0202402 2208
2 0.446178 0.434876 0.0508205 0.0363253 2209
2 0.0246111 0.702253 0.0265744 0.0650677 2212
