2 0.413726 0.487045 0.0607091 0.0501563 1811
2 0.189395 0.570867 0.091705 0.0777031 1941
2 0.0910162 0.456434 0.0149892 0.0143584 2089
2 0.359666 0.434106 0.0215167 0.0217287 2154
2 0.392179 0.429709 0.0251276 0.0222219 2158
2 0.344317 0.426931 0.0188839 0.0221598 2193
2 0.331005 0.421829 0.0142216 0.0209229 2197
2 0.371419 0.422518 0.0182876 0.019743 2198
2 0.319549 0.419784 0.0117645 0.0167027 2201
2 0.312624 0.414869 0.0134534 0.0162644 2205
0 0.553129 0.464818 0.0140884 0.0406514 2207
1 0.553412 0.474897 0.0160638 0.0281458 2208
2 0.418929 0.449542 0.0519007 0.0357298 2209
