2 0.432897 0.476131 0.0543773 0.0452092 1811
2 0.239922 0.546906 0.0840595 0.0687922 1941
2 0.0906592 0.456202 0.0154683 0.014677 2089
2 0.359334 0.434853 0.0214964 0.0216 2154
2 0.391626 0.43055 0.0248818 0.021824 2158
2 0.343908 0.427612 0.0187816 0.0216819 2193
2 0.330477 0.422734 0.013788 0.0201335 2197
2 0.370771 0.422946 0.0189832 0.0204679 2198
2 0.319091 0.420307 0.0118577 0.016795 2201
2 0.311336 0.415445 0.013634 0.0164831 2205
0 0.563689 0.459486 0.0132669 0.0393164 2207
1 0.563932 0.470798 0.0159403 0.0281275 2208
2 0.433255 0.442237 0.0502191 0.0348337 2209
