2 0.470657 0.44731 0.0404205 0.0364934 1811
2 0.347284 0.490302 0.0654826 0.0523539 1941
2 0.0906504 0.4558 0.0156113 0.0150049 2089
2 0.359377 0.433943 0.0220282 0.022116 2154
2 0.391301 0.429347 0.0254795 0.0223852 2158
2 0.3439 0.42682 0.0191466 0.0219049 2193
2 0.330623 0.421465 0.0140368 0.0203011 2197
2 0.371038 0.422079 0.0185579 0.0198717 2198
2 0.319258 0.419765 0.0112731 0.0158587 2201
2 0.311223 0.41488 0.0130082 0.0160087 2205
2 0.0697109 0.678374 0.0489184 0.104286 2212
2 0.043903 0.646252 0.0960766 0.0774654 2217
2 0.457111 0.424209 0.0446407 0.0331043 2209
