2 0.442417 0.469652 0.0509422 0.0425007 1811
2 0.264111 0.533698 0.0793931 0.0641282 1941
2 0.0906146 0.45532 0.0150992 0.0143351 2089
2 0.359228 0.4343 0.021744 0.0218428 2154
2 0.391426 0.42974 0.0254962 0.02238 2158
2 0.343815 0.426902 0.019118 0.022063 2193
2 0.330388 0.421939 0.0139778 0.020379 2197
2 0.370996 0.422168 0.018722 0.0202293 2198
2 0.318836 0.419585 0.0116402 0.016482 2201
2 0.311195 0.414774 0.0132178 0.016083 2205
0 0.569574 0.456615 0.013487 0.0400976 2207
1 0.568101 0.469953 0.0131627 0.0229633 2208
2 0.439975 0.437676 0.0489223 0.0343005 2209
