2 0.483899 0.439096 0.0354012 0.0330494 1811
2 0.378239 0.473294 0.0570964 0.0459771 1941
2 0.0907057 0.455689 0.0150853 0.0144411 2089
2 0.358806 0.43394 0.0213045 0.0214964 2154
2 0.391148 0.429575 0.0252338 0.0221393 2158
2 0.343283 0.426693 0.0192343 0.0220593 2193
2 0.330176 0.421609 0.0143797 0.0207497 2197
2 0.370928 0.422422 0.0188002 0.0200083 2198
2 0.318612 0.419647 0.0118876 0.0167946 2201
2 0.311029 0.414853 0.0131261 0.0161723 2205
2 0.132375 0.645294 0.0539292 0.0987127 2212
2 0.0844751 0.621633 0.10006 0.0802563 2217
2 0.460579 0.419325 0.0374796 0.0300277 2209
