2 0.0922299 0.45512 0.0144462 0.0141027 2089
2 0.3602 0.434137 0.0218012 0.0220952 2154
2 0.392689 0.429892 0.0251714 0.0221489 2158
2 0.344607 0.426681 0.0196164 0.0229719 2193
2 0.331636 0.421363 0.0140823 0.0211644 2197
2 0.372309 0.422565 0.018993 0.0201023 2198
2 0.319953 0.42001 0.0112294 0.0160561 2201
2 0.312719 0.415058 0.0131897 0.0157372 2205
2 0.460513 0.456083 0.0338298 0.0368284 2212
2 0.413409 0.45415 0.0414105 0.0353077 2217
2 0.424599 0.397648 0.0188733 0.0189297 2209
2 0.466317 0.401613 0.0118475 0.0174339 2225
2 0.269218 0.565216 0.0704794 0.0831298 2228
2 0.091493 0.621817 0.0614166 0.0815497 2231
2 0.455575 0.411091 0.0172435 0.02229 2233
