2 0.0922712 0.455427 0.0136172 0.0129567 2089
2 0.360164 0.433737 0.0217628 0.022043 2154
2 0.392579 0.429303 0.0252419 0.02221 2158
2 0.344999 0.426072 0.0197843 0.0231017 2193
2 0.331382 0.42099 0.0137768 0.0206075 2197
2 0.372062 0.42213 0.0189602 0.0200562 2198
2 0.319717 0.41972 0.0111338 0.015809 2201
2 0.313204 0.414488 0.0141001 0.0166779 2205
2 0.473518 0.444289 0.0295622 0.0326129 2212
2 0.431307 0.443547 0.0364998 0.031837 2217
2 0.415988 0.395734 0.0178723 0.0179584 2209
2 0.456211 0.398108 0.012251 0.0162574 2225
2 0.321225 0.535644 0.0639001 0.0711496 2228
2 0.159033 0.587726 0.0605223 0.0726199 2231
2 0.448512 0.406132 0.016175 0.0207247 2233
