2 0.461679 0.416586 0.0243814 0.0248151 1941
2 0.0912787 0.456052 0.0157314 0.0156672 2089
2 0.359839 0.434906 0.0217334 0.0219953 2154
2 0.391838 0.430585 0.025191 0.0221539 2158
2 0.344006 0.427393 0.0191529 0.0222491 2193
2 0.331199 0.422712 0.0143839 0.0215571 2197
2 0.371788 0.423193 0.0187719 0.0198998 2198
2 0.319344 0.419993 0.0119126 0.0170842 2201
2 0.312128 0.416253 0.0132012 0.0157906 2205
2 0.428334 0.478417 0.0394699 0.0441496 2212
2 0.375003 0.474746 0.051138 0.0424108 2217
2 0.436672 0.401294 0.0201302 0.0199834 2209
2 0.476475 0.406966 0.0111521 0.018567 2225
2 0.1723 0.616694 0.0758988 0.100063 2228
2 0.0307897 0.658591 0.0412649 0.0604354 2231
