2 0.0910985 0.456456 0.0151267 0.0146473 2089
2 0.359117 0.434059 0.0207057 0.0213198 2154
2 0.392113 0.429383 0.0253257 0.0223491 2158
2 0.344132 0.426898 0.0194386 0.0224355 2193
2 0.331055 0.420961 0.0139078 0.0207471 2197
2 0.37165 0.422342 0.0188619 0.020134 2198
2 0.31915 0.419816 0.0116274 0.0164799 2201
2 0.311847 0.415162 0.0131116 0.0153889 2205
2 0.482103 0.435043 0.0321078 0.0342116 2228
2 0.411813 0.457644 0.0396158 0.0337373 2231
2 0.398194 0.394079 0.0135616 0.0146601 2233
2 0.719771 0.667127 0.161551 0.108384 2234
2 0.399809 0.502337 0.0526878 0.0472631 2235
2 0.838883 0.485143 0.0547607 0.0604499 2238
2 0.171929 0.584847 0.0648769 0.0655501 2241
2 0.450931 0.40921 0.0136513 0.0200385 2242
