2 0.0921978 0.456062 0.0152163 0.014362 2089
2 0.360202 0.433806 0.0215312 0.0220724 2154
2 0.392516 0.429416 0.0251088 0.0221839 2158
2 0.344769 0.42652 0.0195403 0.0227439 2193
2 0.331804 0.421333 0.0139705 0.0210722 2197
2 0.372092 0.422136 0.0189221 0.0199291 2198
2 0.319823 0.419875 0.0115238 0.0161966 2201
2 0.312791 0.414571 0.0135534 0.016145 2205
2 0.442052 0.463266 0.0455123 0.0463502 2228
2 0.340682 0.496448 0.0496689 0.0454865 2231
2 0.418976 0.399113 0.0134892 0.0155687 2233
2 0.47264 0.704313 0.199031 0.124759 2234
2 0.277016 0.57562 0.0730026 0.0709742 2235
2 0.95654 0.507954 0.0453786 0.0625807 2238
