2 0.0921884 0.455958 0.0145503 0.0138101 2089
2 0.359677 0.434134 0.0205246 0.021201 2154
2 0.39253 0.429529 0.0252805 0.0224619 2158
2 0.344881 0.426791 0.0194526 0.0225542 2193
2 0.331663 0.422133 0.0140649 0.0211114 2197
2 0.372098 0.422357 0.0187944 0.0205197 2198
2 0.319782 0.41996 0.0116544 0.0165182 2201
2 0.312315 0.415023 0.0135524 0.0159222 2205
2 0.461489 0.421163 0.0250142 0.0235265 2231
2 0.38289 0.475535 0.0443598 0.0373383 2241
2 0.41761 0.398597 0.0119018 0.0146967 2242
2 0.287886 0.563416 0.0721338 0.0677784 2244
2 0.495176 0.437944 0.0265242 0.0273324 2247
2 0.0675663 0.6373 0.0695234 0.0731051 2248
