2 0.0922225 0.455888 0.0146362 0.0139789 2089
2 0.3599 0.434101 0.0206918 0.0213257 2154
2 0.3926 0.429442 0.0253351 0.0225048 2158
2 0.344691 0.426775 0.0195625 0.0227251 2193
2 0.331461 0.421764 0.0140745 0.0211404 2197
2 0.372204 0.422274 0.0189184 0.0206027 2198
2 0.319746 0.419859 0.0117507 0.0166391 2201
2 0.312472 0.414926 0.0138327 0.0161916 2205
2 0.459858 0.424438 0.0264546 0.0242371 2231
2 0.367804 0.483518 0.0462492 0.0393322 2241
2 0.421498 0.399433 0.0123031 0.015622 2242
2 0.255257 0.581617 0.0778582 0.0745977 2244
2 0.487925 0.443037 0.02877 0.0294434 2247
2 0.0428573 0.652605 0.0696182 0.073994 2248
