2 0.0931811 0.455869 0.0148337 0.0138085 2089
2 0.360592 0.43402 0.0211453 0.0220929 2154
2 0.393394 0.429794 0.0249601 0.0220137 2158
2 0.345214 0.427092 0.0184579 0.0214022 2193
2 0.332422 0.421042 0.014081 0.0210507 2197
2 0.373197 0.422413 0.0186707 0.020484 2198
2 0.320657 0.419694 0.0117179 0.0165776 2201
2 0.313257 0.414678 0.0137343 0.0164408 2205
2 0.44796 0.439558 0.0316044 0.0264044 2241
2 0.392908 0.393416 0.0112994 0.0127829 2242
2 0.432715 0.47578 0.0483203 0.041862 2244
2 0.497511 0.412959 0.0181176 0.0201067 2247
2 0.282669 0.527644 0.0525527 0.0487145 2248
2 0.888294 0.463147 0.0464475 0.0384906 2249
2 0.460139 0.398572 0.0158188 0.0172919 2251
2 0.111181 0.665715 0.108111 0.0968318 2253
2 0.45212 0.408556 0.0164308 0.0178438 2254
