2 0.0927591 0.456283 0.0146987 0.0134344 2089
2 0.360569 0.434595 0.0216268 0.0225745 2154
2 0.392979 0.430194 0.0250031 0.0219679 2158
2 0.345101 0.427393 0.0187425 0.0217702 2193
2 0.332475 0.422248 0.0140276 0.0206386 2197
2 0.372743 0.422783 0.0188085 0.0206695 2198
2 0.320495 0.420421 0.0118017 0.0166706 2201
2 0.313351 0.415149 0.0139833 0.0165872 2205
2 0.459327 0.429724 0.0267191 0.0234462 2241
2 0.38376 0.392017 0.0116459 0.0134452 2242
2 0.464182 0.45557 0.0395394 0.0343365 2244
2 0.339171 0.49789 0.0472744 0.0423401 2248
2 0.827941 0.454542 0.0479285 0.0359522 2249
2 0.445365 0.396004 0.0165051 0.0177364 2251
2 0.24009 0.594491 0.0885621 0.0768038 2253
2 0.440496 0.405015 0.0158017 0.0169142 2254
