2 0.0930623 0.45583 0.0149716 0.0140004 2089
2 0.360329 0.433736 0.0210769 0.0219756 2154
2 0.392909 0.429443 0.0249602 0.0220885 2158
2 0.345016 0.426353 0.0191452 0.0223651 2193
2 0.332297 0.42082 0.0140675 0.0211137 2197
2 0.373077 0.421945 0.0187038 0.0205838 2198
2 0.320556 0.419515 0.0117272 0.0166114 2201
2 0.313011 0.414592 0.0135987 0.0162108 2205
2 0.459004 0.409924 0.0182328 0.0190081 2231
2 0.435973 0.44682 0.0341688 0.0280763 2241
2 0.39981 0.394394 0.0115146 0.0130883 2242
2 0.403243 0.494444 0.0535408 0.0468595 2244
2 0.500601 0.417352 0.0205279 0.0222919 2247
2 0.235389 0.552245 0.0566953 0.0544155 2248
2 0.935075 0.470928 0.045952 0.0401336 2249
2 0.695482 0.460537 0.0700501 0.0489761 2250
2 0.470015 0.400945 0.0172943 0.0191409 2251
