2 0.0937277 0.455596 0.0144481 0.0129755 2089
2 0.361513 0.433896 0.0213641 0.0220512 2154
2 0.393843 0.429421 0.0251524 0.0221418 2158
2 0.345769 0.426683 0.0189062 0.0219974 2193
2 0.332737 0.421124 0.014588 0.0215398 2197
2 0.373261 0.421383 0.0187413 0.0204052 2198
2 0.321179 0.419864 0.0115643 0.0163264 2201
2 0.313545 0.414593 0.0140187 0.0168221 2205
2 0.372836 0.390299 0.00998926 0.010974 2242
2 0.495559 0.430439 0.0268161 0.0264682 2244
2 0.406957 0.46046 0.0370734 0.0322485 2248
2 0.760113 0.442249 0.0487155 0.0318738 2249
2 0.422388 0.392575 0.0126531 0.012585 2251
2 0.373515 0.515055 0.0648986 0.0541298 2253
2 0.420069 0.399114 0.0142093 0.014323 2254
2 0.462555 0.418369 0.0143118 0.0192975 2255
