2 0.0930679 0.456317 0.0146703 0.0136808 2089
2 0.360729 0.43462 0.0217386 0.0222897 2154
2 0.39322 0.43017 0.0253231 0.0224042 2158
2 0.345033 0.427547 0.0185761 0.0216656 2193
2 0.332445 0.421748 0.0138088 0.0203903 2197
2 0.372596 0.422593 0.0188426 0.0205537 2198
2 0.32041 0.420854 0.0117696 0.0159833 2201
2 0.314444 0.416048 0.0145234 0.0167153 2205
2 0.695554 0.431219 0.0484517 0.0281302 2249
2 0.484156 0.437266 0.0301381 0.028065 2253
2 0.384806 0.39243 0.0131705 0.0133189 2254
2 0.435893 0.404582 0.0133647 0.0150593 2255
2 0.304991 0.516619 0.0563759 0.0528688 2259
2 0.6782 0.457434 0.0648429 0.0479873 2250
2 0.475878 0.405778 0.0102782 0.0166868 2257
