2 0.0933987 0.455401 0.0134857 0.0127795 2089
2 0.361209 0.433612 0.0213774 0.0219528 2154
2 0.393998 0.429065 0.0253644 0.0224447 2158
2 0.345388 0.426221 0.0190765 0.0222885 2193
2 0.333263 0.421343 0.0145969 0.0216185 2197
2 0.373199 0.421501 0.018729 0.020271 2198
2 0.321496 0.419682 0.011584 0.0158699 2201
2 0.314865 0.414889 0.0142231 0.0164924 2205
2 0.69113 0.428927 0.0477394 0.027133 2249
2 0.374881 0.390404 0.0107705 0.0108726 2254
2 0.419189 0.399438 0.0130258 0.0131135 2255
2 0.394614 0.464468 0.0420495 0.0383908 2259
2 0.457413 0.39865 0.0116992 0.0144856 2257
2 0.454159 0.41032 0.0144121 0.0194832 2260
