2 0.0937678 0.455433 0.0136494 0.0130095 2089
2 0.361166 0.433729 0.0211439 0.021744 2154
2 0.393876 0.429418 0.0248171 0.0219002 2158
2 0.345377 0.426529 0.0187173 0.0220314 2193
2 0.333061 0.421155 0.0143353 0.0214927 2197
2 0.373331 0.421979 0.0193387 0.0208748 2198
2 0.321008 0.419863 0.0116626 0.0160676 2201
2 0.314677 0.415093 0.014064 0.0163075 2205
2 0.691129 0.429323 0.048668 0.0273724 2249
2 0.369931 0.390007 0.0103335 0.0102605 2254
2 0.40927 0.397351 0.0131885 0.0127567 2255
2 0.422934 0.44759 0.0354223 0.0325838 2259
2 0.446258 0.406823 0.0130758 0.0172516 2260
