2 0.0939955 0.455532 0.0138355 0.013166 2089
2 0.361522 0.433679 0.0214928 0.0220429 2154
2 0.393731 0.42928 0.025138 0.0222043 2158
2 0.345721 0.426524 0.0185355 0.0217091 2193
2 0.333294 0.421191 0.0146368 0.0221208 2197
2 0.373359 0.421284 0.0190412 0.0205789 2198
2 0.320999 0.419727 0.0114216 0.0157288 2201
2 0.314984 0.415185 0.0139915 0.0162124 2205
2 0.691388 0.429332 0.0490211 0.0275231 2249
2 0.36863 0.389806 0.0100073 0.00994709 2254
2 0.406246 0.396812 0.0128122 0.0122689 2255
2 0.431139 0.442819 0.0332085 0.0306679 2259
2 0.443408 0.405954 0.0119267 0.0156449 2260
