2 0.0933818 0.456318 0.0141827 0.0137765 2089
2 0.360985 0.433264 0.0216452 0.0219638 2154
2 0.393044 0.428305 0.0258992 0.0231233 2158
2 0.345171 0.425806 0.0190208 0.0225985 2193
2 0.33262 0.420847 0.0141486 0.0212745 2197
2 0.372704 0.421039 0.019107 0.0207702 2198
2 0.320639 0.419498 0.0115834 0.0160057 2201
2 0.31434 0.414622 0.0141978 0.0166254 2205
2 0.692045 0.42722 0.0495474 0.02702 2249
2 0.376833 0.390985 0.0107722 0.0098947 2255
2 0.440938 0.394485 0.0140424 0.013569 2266
2 0.404266 0.394757 0.0116568 0.0140915 2260
2 0.234238 0.753522 0.156576 0.155573 2275
2 0.459275 0.409459 0.0157948 0.0203681 2277
2 0.675447 0.45444 0.067115 0.0473629 2250
