2 0.0932303 0.456217 0.0139283 0.0137402 2089
2 0.360682 0.433253 0.0212998 0.0221133 2154
2 0.392849 0.428715 0.0250946 0.0224103 2158
2 0.344878 0.425948 0.0186591 0.0222009 2193
2 0.332303 0.420757 0.0141344 0.0210028 2197
2 0.372588 0.421254 0.0188423 0.0202278 2198
2 0.320401 0.419458 0.011674 0.01616 2201
2 0.314032 0.414874 0.01373 0.0162688 2205
2 0.692103 0.427939 0.0509772 0.0279018 2249
2 0.417834 0.391581 0.013626 0.0125287 2266
2 0.389686 0.391539 0.0118112 0.0138048 2260
2 0.528651 0.67308 0.152334 0.142951 2275
2 0.446725 0.402389 0.0143105 0.0177366 2277
2 0.482288 0.43044 0.0349049 0.0348794 2285
