2 0.0934184 0.456181 0.0136885 0.013515 2089
2 0.360411 0.433369 0.0212866 0.0221358 2154
2 0.393094 0.428878 0.0248454 0.022067 2158
2 0.345181 0.426205 0.0183523 0.0218217 2193
2 0.332556 0.420336 0.0140062 0.020896 2197
2 0.373009 0.421451 0.0188364 0.0201677 2198
2 0.320652 0.41943 0.0116389 0.0160517 2201
2 0.314654 0.414729 0.0142203 0.0166374 2205
2 0.692405 0.428357 0.0504468 0.0275367 2249
2 0.402537 0.389476 0.0124833 0.0113139 2266
2 0.758769 0.651817 0.149054 0.131084 2275
2 0.430853 0.398282 0.0141711 0.0165928 2277
2 0.495896 0.41721 0.0201419 0.0226215 2285
2 0.447088 0.436201 0.0321164 0.026359 2290
