2 0.0932182 0.456191 0.0134852 0.0133072 2089
2 0.360771 0.433298 0.0211905 0.0219525 2154
2 0.393013 0.428809 0.0246164 0.0218359 2158
2 0.345006 0.42609 0.0183109 0.0217956 2193
2 0.332583 0.420684 0.0141185 0.0210669 2197
2 0.373167 0.42131 0.0188011 0.0201734 2198
2 0.320537 0.419372 0.0116011 0.015998 2201
2 0.314633 0.414544 0.0143092 0.0168749 2205
2 0.692306 0.428281 0.0500062 0.027292 2249
2 0.406173 0.390146 0.0122162 0.0110191 2266
2 0.706008 0.650503 0.143123 0.129243 2275
2 0.434847 0.399752 0.0136989 0.0161748 2277
2 0.495849 0.419422 0.0234354 0.0255059 2285
2 0.438748 0.441956 0.0336693 0.0274224 2290
