2 0.0931718 0.456301 0.0136258 0.0134347 2089
2 0.360699 0.433245 0.0211594 0.0219692 2154
2 0.392935 0.428751 0.0246855 0.0219329 2158
2 0.34493 0.425816 0.0187123 0.0223365 2193
2 0.332343 0.420517 0.0140312 0.020899 2197
2 0.372632 0.421186 0.0189837 0.0202755 2198
2 0.320368 0.419443 0.0114937 0.0158351 2201
2 0.313982 0.414727 0.0137782 0.0163057 2205
2 0.691966 0.428087 0.0498901 0.0272402 2249
2 0.409857 0.390648 0.0123677 0.0112312 2266
2 0.636495 0.655334 0.148572 0.134813 2275
2 0.438818 0.400189 0.0137087 0.0164282 2277
2 0.494329 0.422947 0.0263867 0.0277561 2285
2 0.429738 0.448109 0.0368518 0.0298716 2290
