2 0.093453 0.457065 0.0136061 0.0130268 2089
2 0.360267 0.433952 0.0206178 0.0218502 2154
2 0.392816 0.429233 0.0252642 0.0223918 2158
2 0.344715 0.426645 0.0185375 0.0219701 2193
2 0.332354 0.42127 0.0140272 0.0209317 2197
2 0.373055 0.422441 0.0187127 0.0199452 2198
2 0.320515 0.419625 0.0119479 0.0165393 2201
2 0.3141 0.415255 0.0147192 0.0169019 2205
2 0.692231 0.428937 0.0498676 0.026983 2249
2 0.395243 0.392984 0.0124397 0.0132115 2277
2 0.452327 0.408942 0.0177866 0.016865 2290
2 0.50285 0.71195 0.155963 0.153059 2292
2 0.465538 0.399869 0.015032 0.0180516 2293
2 0.67024 0.455781 0.0739895 0.0481572 2250
