2 0.0935411 0.45645 0.0139762 0.0133187 2089
2 0.36024 0.433642 0.02094 0.0222824 2154
2 0.392899 0.429121 0.0252982 0.0224202 2158
2 0.344742 0.426381 0.018638 0.0221451 2193
2 0.332293 0.421172 0.0138522 0.0205774 2197
2 0.372681 0.422082 0.018724 0.0199057 2198
2 0.320424 0.419441 0.0119441 0.0165933 2201
2 0.313864 0.415371 0.0145108 0.0165969 2205
2 0.692373 0.428835 0.049709 0.0268461 2249
2 0.392714 0.392057 0.0120525 0.0128814 2277
2 0.448968 0.407243 0.0172561 0.0164294 2290
2 0.548112 0.700936 0.152422 0.150954 2292
2 0.460651 0.398144 0.0150815 0.0180102 2293
