2 0.0936751 0.456957 0.0135704 0.0128832 2089
2 0.360365 0.433475 0.0209138 0.0223618 2154
2 0.393086 0.429003 0.0250828 0.0222547 2158
2 0.345202 0.426396 0.0184776 0.0219029 2193
2 0.332804 0.421283 0.0144003 0.0215721 2197
2 0.372866 0.421776 0.0187149 0.0198787 2198
2 0.320885 0.419565 0.0112491 0.0154991 2201
2 0.314138 0.415177 0.0148135 0.0168797 2205
2 0.69246 0.428455 0.0497728 0.0268435 2249
2 0.389547 0.391419 0.0116868 0.0124985 2277
2 0.445309 0.405526 0.0164276 0.0156015 2290
2 0.620494 0.69026 0.144979 0.139888 2292
2 0.456353 0.396315 0.0143596 0.0170239 2293
