2 0.0953163 0.456577 0.0135426 0.0126939 2089
2 0.361864 0.43424 0.0203229 0.0215034 2154
2 0.394599 0.4298 0.0250181 0.0220507 2158
2 0.346558 0.42737 0.0183325 0.0214824 2193
2 0.334003 0.42212 0.0146286 0.0212579 2197
2 0.374313 0.421838 0.0187775 0.0200989 2198
2 0.322173 0.420598 0.0112217 0.0155214 2201
2 0.316355 0.416567 0.0144827 0.016442 2205
2 0.693702 0.42968 0.0501735 0.0269436 2249
2 0.360199 0.387872 0.00889444 0.00975667 2277
2 0.435856 0.720387 0.110356 0.127835 2295
2 0.917576 0.467409 0.0503961 0.0482149 2297
