2 0.0954295 0.4565 0.0144535 0.0136866 2089
2 0.362125 0.434603 0.0203928 0.021556 2154
2 0.394685 0.429823 0.0250534 0.0220722 2158
2 0.346716 0.427389 0.0185254 0.0217401 2193
2 0.333996 0.422037 0.0139649 0.0202244 2197
2 0.373906 0.422534 0.0196843 0.0210031 2198
2 0.322273 0.420672 0.0113679 0.0157615 2201
2 0.316085 0.416588 0.0143809 0.0163894 2205
2 0.69395 0.429891 0.0507751 0.0273038 2249
2 0.362001 0.387998 0.00908626 0.00984039 2277
2 0.968243 0.654971 0.116136 0.0975585 2294
2 0.3796 0.735119 0.108094 0.129652 2295
2 0.929688 0.469671 0.0504925 0.0495138 2297
