2 0.0935344 0.456078 0.0122286 0.011733 2089
2 0.361542 0.43397 0.0203601 0.0214782 2154
2 0.394069 0.429574 0.0251148 0.0222792 2158
2 0.346 0.42739 0.0178257 0.0213567 2193
2 0.333521 0.421999 0.0141225 0.0204458 2197
2 0.373531 0.422636 0.0187812 0.0203825 2198
2 0.321456 0.420099 0.0118489 0.0163104 2201
2 0.315144 0.415062 0.0145827 0.0166935 2205
2 0.693066 0.429704 0.0499591 0.0268465 2249
2 0.78282 0.689559 0.125255 0.116752 2295
2 0.843056 0.455267 0.0566378 0.0439328 2297
2 0.180152 0.794184 0.114728 0.133074 2298
