2 0.0929192 0.456421 0.0141407 0.0141919 2089
2 0.480819 0.475024 0.0467455 0.044295 2154
2 0.528525 0.465757 0.0504016 0.0408863 2158
2 0.396317 0.445174 0.0300966 0.0328303 2193
2 0.356745 0.429351 0.0221168 0.0254978 2197
2 0.417633 0.434229 0.026874 0.0288123 2198
2 0.327497 0.421779 0.0151267 0.0175445 2201
2 0.314836 0.415731 0.0145834 0.0177229 2205
2 0.484441 0.405966 0.0294622 0.0216524 2297
2 0.454159 0.687477 0.188242 0.162668 2299
2 0.529992 0.406845 0.0298593 0.019104 2249
2 0.375388 0.422286 0.0220514 0.022617 2304
2 0.678254 0.456471 0.0680892 0.0483681 2250
