2 0.0925057 0.455298 0.0136901 0.0137266 2089
2 0.467777 0.468888 0.0449441 0.0429665 2154
2 0.511473 0.459248 0.0471389 0.0386225 2158
2 0.389515 0.441501 0.0285578 0.0312238 2193
2 0.353461 0.426476 0.0209894 0.0243428 2197
2 0.411941 0.431055 0.0264812 0.0286434 2198
2 0.325754 0.420133 0.0146488 0.0170714 2201
2 0.314902 0.414452 0.0141918 0.0172809 2205
2 0.49166 0.405498 0.030881 0.0224581 2297
2 0.454118 0.686297 0.189144 0.163226 2299
2 0.538346 0.40643 0.0312488 0.0198926 2249
2 0.372403 0.419831 0.0223611 0.0229733 2304
