2 0.0928046 0.456247 0.0139454 0.0139733 2089
2 0.495559 0.481277 0.0494759 0.0464279 2154
2 0.547538 0.472311 0.0545098 0.043787 2158
2 0.403687 0.448399 0.0311625 0.0337911 2193
2 0.359958 0.430943 0.0230697 0.0264109 2197
2 0.424404 0.436468 0.0283069 0.0303114 2198
2 0.328693 0.422563 0.0155487 0.0180461 2201
2 0.315364 0.416085 0.014915 0.0182773 2205
2 0.475733 0.405842 0.0262744 0.0196532 2297
2 0.453987 0.688013 0.187361 0.162058 2299
2 0.521684 0.406846 0.0284069 0.0182527 2249
2 0.37761 0.423484 0.0226384 0.0231782 2304
2 0.678568 0.457132 0.0655489 0.0475694 2250
