2 0.0923939 0.457218 0.012883 0.0125903 2089
2 0.788257 0.565392 0.119135 0.0846382 2158
2 0.515386 0.486851 0.0564432 0.0574492 2193
2 0.403127 0.445482 0.0321737 0.0347477 2197
2 0.51291 0.45612 0.0390794 0.0384471 2198
2 0.344052 0.429394 0.0186956 0.020718 2201
2 0.322532 0.418437 0.0176328 0.0213635 2205
2 0.426667 0.398828 0.0210674 0.0174075 2297
2 0.453175 0.688787 0.185596 0.161316 2299
2 0.46378 0.399427 0.0218053 0.0149512 2249
2 0.404887 0.428348 0.0238326 0.022739 2304
2 0.37198 0.422408 0.0195409 0.0207799 2313
