2 0.0936759 0.457381 0.0138871 0.013579 2089
2 0.726071 0.518878 0.0820969 0.0756872 2193
2 0.495538 0.472968 0.0539765 0.0550607 2197
2 0.373497 0.439655 0.0242088 0.0266027 2201
2 0.336125 0.424793 0.0181876 0.0212865 2205
2 0.396127 0.39367 0.0154015 0.013698 2297
2 0.453327 0.688883 0.185781 0.161597 2299
2 0.454216 0.443759 0.0403526 0.0368492 2304
2 0.398959 0.429697 0.0240147 0.025539 2313
2 0.0770142 0.673043 0.0687027 0.105 2321
2 0.357914 0.418304 0.0214354 0.0218092 2328
2 0.829951 0.589218 0.133035 0.108623 2154
