2 0.0925806 0.457767 0.0135938 0.0132263 2089
2 0.890341 0.611975 0.146734 0.102943 2158
2 0.569015 0.505117 0.0691151 0.0689432 2193
2 0.421237 0.450652 0.0368212 0.0390182 2197
2 0.552506 0.465836 0.0451518 0.0428048 2198
2 0.350241 0.431874 0.020546 0.0226898 2201
2 0.325023 0.420895 0.0166096 0.0199993 2205
2 0.41668 0.397409 0.0193749 0.0164419 2297
2 0.452948 0.689069 0.185462 0.161219 2299
2 0.451944 0.397949 0.0200162 0.0139134 2249
2 0.414915 0.430606 0.025189 0.0223901 2304
2 0.377492 0.42464 0.0207495 0.0220953 2313
