2 0.0935949 0.456476 0.0137869 0.0134316 2089
2 0.446995 0.463679 0.0381957 0.040434 2201
2 0.36925 0.436233 0.0259099 0.0287213 2205
2 0.453281 0.688292 0.185492 0.161684 2299
2 0.589943 0.47946 0.0669204 0.0603439 2304
2 0.464938 0.44631 0.0337647 0.0344579 2313
2 0.223051 0.593518 0.0786867 0.0817882 2321
2 0.389216 0.426548 0.0278732 0.0282138 2328
2 0.326111 0.421315 0.0149006 0.0155474 2336
2 0.341349 0.413355 0.0144352 0.0162257 2341
2 0.884777 0.593375 0.139209 0.120079 2193
2 0.673566 0.45664 0.0655929 0.0481389 2250
