2 0.0987741 0.458975 0.01354 0.0135851 2089
2 0.456041 0.690063 0.185021 0.161089 2299
2 0.297568 0.556583 0.0813152 0.0678828 2321
2 0.440565 0.459567 0.0362816 0.0351324 2336
2 0.429664 0.437051 0.0278133 0.0271822 2341
2 0.809945 0.482343 0.0651506 0.0518947 2348
2 0.359628 0.435942 0.0203234 0.0216602 2351
2 0.388652 0.399032 0.017404 0.0144211 2354
2 0.381674 0.42797 0.0210031 0.0197626 2358
2 0.324987 0.422681 0.0157543 0.0166933 2363
2 0.346642 0.416104 0.0175974 0.0182082 2367
2 0.680691 0.457809 0.0655373 0.046337 2250
2 0.800509 0.542332 0.106861 0.0935229 2201
