2 0.0962662 0.457849 0.0136672 0.0136269 2089
2 0.454735 0.689745 0.185116 0.161224 2299
2 0.295807 0.555941 0.0838552 0.0694946 2321
2 0.512293 0.483181 0.0515018 0.0483531 2336
2 0.473983 0.449302 0.0388302 0.0374865 2341
2 0.797411 0.478728 0.0675741 0.0491399 2348
2 0.382298 0.444371 0.024194 0.025444 2351
2 0.373161 0.396504 0.0151693 0.0128461 2354
2 0.405205 0.434529 0.0248935 0.0230204 2358
2 0.332816 0.426026 0.0171116 0.0181729 2363
2 0.357835 0.418835 0.0197026 0.0203914 2367
2 0.318007 0.418283 0.0140717 0.0168473 2369
2 0.668971 0.456566 0.0666676 0.048452 2250
2 0.10165 0.819946 0.106573 0.134924 2372
