2 0.0982217 0.458602 0.0135809 0.0136199 2089
2 0.45581 0.689938 0.185083 0.161145 2299
2 0.297127 0.556415 0.0817683 0.0680649 2321
2 0.454778 0.463992 0.0394309 0.0379259 2336
2 0.439109 0.439851 0.0302865 0.0294475 2341
2 0.805597 0.481129 0.0654079 0.0507608 2348
2 0.364427 0.438063 0.0210149 0.0223823 2351
2 0.384831 0.398918 0.0160318 0.0132951 2354
2 0.387014 0.429427 0.0218743 0.0205341 2358
2 0.32646 0.423297 0.0162128 0.0171845 2363
2 0.348874 0.416576 0.0181446 0.0187771 2367
2 0.314844 0.416879 0.013152 0.0157455 2369
2 0.680263 0.457984 0.0642487 0.0464144 2250
2 0.852308 0.550387 0.119168 0.0986014 2201
