2 0.0949081 0.457277 0.013488 0.0134344 2089
2 0.454346 0.68955 0.185068 0.161202 2299
2 0.294623 0.555721 0.0832256 0.0687325 2321
2 0.523848 0.461005 0.0485784 0.04673 2341
2 0.796564 0.478162 0.0721823 0.0501075 2348
2 0.40823 0.452979 0.0291821 0.0299102 2351
2 0.364037 0.394238 0.0136756 0.0119913 2354
2 0.429082 0.440703 0.0281769 0.0252621 2358
2 0.343432 0.42983 0.0187995 0.0197913 2363
2 0.369161 0.421219 0.0228785 0.0239266 2367
2 0.322976 0.420349 0.0151845 0.0181659 2369
2 0.125086 0.808181 0.119049 0.134964 2372
2 0.982424 0.517102 0.023332 0.0440573 2378
