2 0.0940972 0.457907 0.0131785 0.0126506 2089
2 0.453626 0.689185 0.185395 0.161458 2299
2 0.293377 0.555721 0.0838934 0.0686732 2321
2 0.797548 0.478397 0.0771706 0.0500033 2348
2 0.554273 0.50363 0.0586292 0.0546475 2351
2 0.348234 0.391136 0.0118011 0.0110955 2354
2 0.544405 0.468361 0.044205 0.0349803 2358
2 0.392818 0.447387 0.0286059 0.0285583 2363
2 0.420027 0.434326 0.0307975 0.0325593 2367
2 0.348308 0.429601 0.0193672 0.0227525 2369
2 0.145485 0.803539 0.164633 0.136743 2372
2 0.959691 0.511438 0.0451409 0.055859 2378
