2 0.0943527 0.457726 0.0135422 0.0130041 2089
2 0.453771 0.689315 0.185196 0.161292 2299
2 0.293551 0.555698 0.083689 0.0685608 2321
2 0.797865 0.479032 0.0763702 0.0497238 2348
2 0.525956 0.493243 0.0532646 0.0505346 2351
2 0.349839 0.391152 0.0117963 0.0110083 2354
2 0.524048 0.464384 0.0441044 0.0361865 2358
2 0.384293 0.444319 0.0267633 0.0269418 2363
2 0.411494 0.432175 0.0291521 0.0308068 2367
2 0.344046 0.427958 0.018578 0.021959 2369
2 0.146032 0.803373 0.159433 0.136621 2372
2 0.961089 0.511801 0.0418227 0.0550606 2378
