2 0.0936624 0.457301 0.0129352 0.0129988 2089
2 0.4542 0.68949 0.185061 0.161199 2299
2 0.294642 0.555656 0.084038 0.0693626 2321
2 0.544362 0.466616 0.0523527 0.0500611 2341
2 0.796526 0.47773 0.0731873 0.0502544 2348
2 0.418944 0.456391 0.0311055 0.031465 2351
2 0.361498 0.393743 0.0127492 0.011249 2354
2 0.438692 0.443296 0.0296491 0.0260982 2358
2 0.347401 0.431527 0.0194791 0.0204574 2363
2 0.373529 0.4222 0.0235903 0.0247588 2367
2 0.325422 0.420872 0.0156794 0.018726 2369
2 0.132809 0.806027 0.125359 0.136154 2372
2 0.977961 0.514616 0.0256067 0.0472529 2378
