2 0.457923 0.691032 0.184454 0.160626 2299
2 0.29904 0.556317 0.0842387 0.0689147 2321
2 0.804518 0.484694 0.0799388 0.050212 2348
2 0.527553 0.496703 0.0582481 0.0530655 2363
2 0.409367 0.451637 0.0292727 0.0326234 2369
2 0.150235 0.802077 0.192957 0.135897 2372
2 0.961451 0.518011 0.0630891 0.0560589 2378
2 0.349544 0.427196 0.0222057 0.0230632 2419
2 0.385457 0.427801 0.0223028 0.0201814 2428
2 0.323535 0.419469 0.0151358 0.0159459 2440
2 0.704386 0.450004 0.0528557 0.0304015 2451
2 0.908759 0.575977 0.112531 0.0796281 2420
