2 0.456916 0.690694 0.184394 0.160788 2299
2 0.29767 0.555798 0.0844556 0.0693953 2321
2 0.77228 0.480151 0.0776138 0.049269 2348
2 0.14772 0.802215 0.211578 0.136476 2372
2 0.960945 0.518049 0.074674 0.0560949 2378
2 0.424541 0.452548 0.0369319 0.0391191 2419
2 0.494521 0.457375 0.0409715 0.0350513 2428
2 0.353641 0.430898 0.0179217 0.0209651 2463
2 0.363218 0.420019 0.0168925 0.0175474 2440
2 0.322975 0.420068 0.0144542 0.0143172 2471
2 0.447545 0.403228 0.0177949 0.0162005 2479
2 0.478117 0.411641 0.0219049 0.0170002 2347
2 0.732739 0.562406 0.110584 0.0945646 2363
