2 0.459664 0.689061 0.184148 0.16042 2299
2 0.301262 0.553799 0.0838853 0.0690659 2321
2 0.756176 0.475511 0.0759756 0.0487007 2348
2 0.151536 0.799434 0.212677 0.135942 2372
2 0.963452 0.516878 0.0726336 0.0545958 2378
2 0.472243 0.466103 0.0473996 0.0494447 2419
2 0.563582 0.474887 0.0541002 0.0445694 2428
2 0.372053 0.434005 0.0214299 0.0247043 2463
2 0.377161 0.42088 0.0189148 0.0191344 2440
2 0.333286 0.420679 0.0158352 0.0156909 2471
2 0.942523 0.620477 0.124948 0.105363 2351
2 0.447958 0.404267 0.0167371 0.015179 2479
