2 0.456113 0.690224 0.184682 0.160655 2299
2 0.296737 0.555474 0.0839199 0.0691467 2321
2 0.668638 0.459508 0.0591268 0.0435749 2348
2 0.146494 0.802666 0.220552 0.136965 2372
2 0.800322 0.485337 0.0771179 0.0471974 2378
2 0.490324 0.452673 0.0438379 0.0453691 2488
2 0.40189 0.446326 0.0287663 0.0316802 2491
2 0.358147 0.429561 0.0227811 0.0289358 2498
2 0.332097 0.423098 0.0159644 0.0163743 2509
2 0.082814 0.624512 0.0608214 0.0832607 2511
2 0.388718 0.428677 0.0252542 0.0224649 2513
2 0.291129 0.425056 0.0133548 0.0153857 2516
2 0.450708 0.406805 0.0192893 0.016943 2479
2 0.86102 0.584569 0.114452 0.087211 2367
