2 0.455679 0.689556 0.185254 0.161093 2299
2 0.296513 0.554929 0.0836179 0.0685311 2321
2 0.670455 0.458571 0.0576752 0.0428242 2348
2 0.146406 0.802529 0.220582 0.13667 2372
2 0.782558 0.481528 0.0755197 0.0463604 2378
2 0.602647 0.483425 0.0679842 0.0667749 2488
2 0.455464 0.463322 0.0391394 0.0414942 2491
2 0.387412 0.440843 0.0271228 0.0323374 2498
2 0.348254 0.428566 0.0188384 0.0193617 2509
2 0.175124 0.580178 0.0657057 0.0695737 2511
2 0.424467 0.438047 0.0309932 0.0279346 2513
2 0.289958 0.433943 0.0158978 0.0189169 2516
2 0.375881 0.422973 0.01732 0.0186061 2533
2 0.725064 0.440182 0.0500793 0.030073 2451
