2 0.4555 0.689964 0.185115 0.16098 2299
2 0.296322 0.555329 0.0835908 0.0685554 2321
2 0.672792 0.459267 0.0571422 0.042536 2348
2 0.146012 0.802631 0.220711 0.136792 2372
2 0.78423 0.482709 0.0753731 0.04626 2378
2 0.573026 0.476407 0.0615308 0.0613445 2488
2 0.442351 0.459512 0.0364104 0.0389331 2491
2 0.380135 0.438854 0.0257132 0.0310107 2498
2 0.344373 0.427345 0.0182781 0.0188235 2509
2 0.15967 0.58763 0.0643064 0.0712414 2511
2 0.415839 0.43647 0.0292569 0.0263647 2513
2 0.291327 0.431993 0.0154386 0.0182987 2516
2 0.371119 0.422275 0.0168468 0.0181034 2533
