2 0.456047 0.689224 0.185174 0.16108 2299
2 0.296614 0.554199 0.0849743 0.0695492 2321
2 0.668133 0.457923 0.0594451 0.0427785 2348
2 0.153255 0.80025 0.220102 0.136716 2372
2 0.776088 0.47968 0.0753858 0.0465884 2378
2 0.579656 0.507561 0.0641621 0.0641738 2491
2 0.447719 0.460487 0.0407516 0.0450392 2498
2 0.378182 0.439226 0.0240918 0.0246328 2509
2 0.233516 0.550194 0.0690689 0.0615472 2511
2 0.499227 0.457782 0.0448952 0.0389641 2513
2 0.25157 0.457526 0.0247668 0.0271044 2516
2 0.415922 0.433807 0.0238692 0.0256591 2533
2 0.277236 0.412769 0.00891819 0.0118454 2539
2 0.958536 0.502977 0.0474863 0.0613872 2544
2 0.33477 0.422479 0.0180378 0.0166622 2554
2 0.938735 0.575885 0.135853 0.107197 2367
