2 0.455425 0.689406 0.184947 0.160922 2299
2 0.296054 0.554144 0.0853547 0.0701249 2321
2 0.664072 0.458095 0.0587914 0.0421594 2348
2 0.154719 0.799239 0.219212 0.1364 2372
2 0.775155 0.481006 0.0754072 0.0463906 2378
2 0.516112 0.48344 0.0576485 0.0613679 2498
2 0.409159 0.450608 0.0294746 0.0295551 2509
2 0.250069 0.541894 0.0686845 0.0579627 2511
2 0.588513 0.484736 0.0623261 0.051929 2513
2 0.456487 0.444821 0.028933 0.0306103 2533
2 0.279065 0.415798 0.00968869 0.0126535 2539
2 0.860781 0.483282 0.0473358 0.0509766 2544
2 0.348085 0.427674 0.0210614 0.0195877 2554
2 0.287119 0.435139 0.0144425 0.0180198 2559
2 0.383777 0.421738 0.0284682 0.0271666 2567
2 0.448408 0.405214 0.0224814 0.0192572 2479
