2 0.455707 0.689412 0.184995 0.160932 2299
2 0.296358 0.554473 0.08437 0.0690444 2321
2 0.667065 0.458337 0.0590183 0.0424341 2348
2 0.153959 0.799935 0.220166 0.13685 2372
2 0.77581 0.480412 0.0759722 0.0469708 2378
2 0.612104 0.519197 0.0717569 0.0706761 2491
2 0.461711 0.465212 0.0447438 0.0488883 2498
2 0.384931 0.441744 0.0251746 0.0256904 2509
2 0.238565 0.547235 0.0680457 0.0595678 2511
2 0.517075 0.463256 0.0487036 0.0419883 2513
2 0.424108 0.436171 0.0248242 0.0267018 2533
2 0.277692 0.413449 0.00914469 0.0120826 2539
2 0.939617 0.500009 0.046339 0.0573675 2544
2 0.33708 0.424136 0.0180576 0.0166864 2554
2 0.289887 0.429614 0.013178 0.0164986 2559
2 0.980145 0.582657 0.0844819 0.0930815 2419
2 0.733682 0.450934 0.0565708 0.0331252 2451
