2 0.45622 0.689352 0.185038 0.161088 2299
2 0.296887 0.554128 0.0848106 0.0701209 2321
2 0.658934 0.456932 0.0588617 0.0422425 2348
2 0.156016 0.798875 0.218603 0.136121 2372
2 0.779264 0.480748 0.0755243 0.04689 2378
2 0.473585 0.472823 0.0426513 0.0409102 2509
2 0.256985 0.538889 0.0695633 0.0559314 2511
2 0.541072 0.468109 0.0419103 0.0428179 2533
2 0.283847 0.420234 0.0107217 0.0133222 2539
2 0.372253 0.436895 0.0248541 0.0233039 2554
2 0.264562 0.450454 0.0209227 0.0240569 2559
2 0.822704 0.550471 0.103718 0.0797822 2471
2 0.685297 0.542217 0.113221 0.092069 2513
2 0.730766 0.452762 0.0651995 0.0386429 2451
