2 0.456836 0.689196 0.184727 0.160713 2299
2 0.297535 0.553762 0.0844178 0.0701875 2321
2 0.657542 0.456408 0.0585925 0.0418859 2348
2 0.156524 0.798729 0.218715 0.136207 2372
2 0.778515 0.480819 0.07678 0.0474763 2378
2 0.255729 0.539329 0.0734969 0.0562492 2511
2 0.289607 0.429977 0.0135512 0.0169158 2539
2 0.459716 0.466441 0.0428833 0.0392444 2554
2 0.399368 0.430457 0.0240181 0.0225957 2597
2 0.559305 0.420038 0.0293364 0.0233278 2544
2 0.365873 0.432776 0.0243661 0.0254693 2615
2 0.339042 0.42163 0.0146854 0.0206721 2617
2 0.355411 0.416718 0.0168566 0.0174772 2619
2 0.839827 0.591717 0.118385 0.0929916 2513
