2 0.454833 0.68972 0.18503 0.161059 2299
2 0.295615 0.554672 0.0854123 0.0707582 2321
2 0.655603 0.457163 0.0577228 0.041244 2348
2 0.153791 0.800333 0.219916 0.13707 2372
2 0.776144 0.481032 0.0750479 0.0465739 2378
2 0.535194 0.496127 0.0557996 0.0519745 2509
2 0.254726 0.539447 0.0713428 0.0560502 2511
2 0.623949 0.493188 0.0528489 0.0519281 2533
2 0.284754 0.423195 0.0118784 0.0148194 2539
2 0.391306 0.444243 0.0288999 0.027067 2554
2 0.230622 0.46546 0.0273406 0.0286127 2559
2 0.363603 0.42119 0.0182686 0.0172483 2597
2 0.66861 0.438797 0.0363604 0.0311092 2544
2 0.884954 0.602002 0.161171 0.121702 2471
