2 0.457162 0.689548 0.185248 0.161106 2299
2 0.297834 0.554593 0.0839799 0.0700107 2321
2 0.657855 0.455864 0.0569593 0.0405593 2348
2 0.157046 0.799552 0.218665 0.13611 2372
2 0.77838 0.480151 0.0770296 0.0475135 2378
2 0.255797 0.540326 0.0744373 0.0564267 2511
2 0.283729 0.438499 0.0166223 0.0203505 2539
2 0.574065 0.509256 0.0677548 0.0593497 2554
2 0.44534 0.443204 0.0311218 0.0284441 2597
2 0.403423 0.446351 0.0314143 0.0325061 2615
2 0.358707 0.429881 0.0172868 0.0227367 2617
2 0.378284 0.423648 0.0203425 0.020902 2619
2 0.561798 0.44272 0.0520744 0.0394993 2643
2 0.348006 0.415374 0.0151328 0.0165752 2646
