2 0.45729 0.689199 0.185109 0.160979 2299
2 0.29796 0.554194 0.0838553 0.0698766 2321
2 0.65787 0.454366 0.0550368 0.0391972 2348
2 0.157146 0.798799 0.218069 0.135725 2372
2 0.778627 0.480536 0.0762662 0.0470585 2378
2 0.255881 0.539853 0.0741369 0.0562879 2511
2 0.28593 0.436349 0.0157026 0.0194333 2539
2 0.544063 0.497752 0.060811 0.0538783 2554
2 0.434251 0.439871 0.0295679 0.0273449 2597
2 0.508294 0.412991 0.0275499 0.0219832 2544
2 0.39453 0.4432 0.0296447 0.0308037 2615
2 0.354341 0.428101 0.0171465 0.0229531 2617
2 0.373149 0.421899 0.0195625 0.020126 2619
2 0.561839 0.442484 0.0519351 0.039397 2643
