2 0.45737 0.689769 0.185382 0.161248 2299
2 0.298188 0.555056 0.0846589 0.0707198 2321
2 0.658254 0.456442 0.0585818 0.0418452 2348
2 0.157268 0.80033 0.2189 0.136323 2372
2 0.778469 0.479636 0.0755798 0.0465289 2378
2 0.256249 0.540845 0.0748306 0.0565513 2511
2 0.277656 0.44372 0.0185861 0.021917 2539
2 0.651583 0.538203 0.0857889 0.0725451 2554
2 0.471331 0.450311 0.0361257 0.0324925 2597
2 0.369172 0.434126 0.0194968 0.0247986 2617
2 0.389865 0.427071 0.0222615 0.022763 2619
2 0.355521 0.417906 0.0170897 0.0187142 2646
2 0.33332 0.421663 0.0148073 0.0166748 2650
2 0.424521 0.454034 0.0351785 0.0360678 2615
