2 0.457254 0.688936 0.184899 0.160775 2299
2 0.297917 0.55368 0.0841131 0.0700909 2321
2 0.657965 0.455547 0.0602638 0.0435082 2348
2 0.157179 0.79842 0.217786 0.135566 2372
2 0.778866 0.480835 0.0758483 0.0468521 2378
2 0.255807 0.539635 0.0740188 0.0563178 2511
2 0.287461 0.434441 0.0147473 0.0183537 2539
2 0.518277 0.487717 0.0552457 0.0494632 2554
2 0.42432 0.436684 0.0284344 0.0264977 2597
2 0.519877 0.414797 0.0285054 0.0226266 2544
2 0.386493 0.440047 0.0284236 0.0296163 2615
2 0.349997 0.426091 0.0162217 0.0220423 2617
2 0.368194 0.420207 0.0185315 0.0191212 2619
2 0.739032 0.441535 0.0529746 0.0311215 2451
