2 0.457945 0.690385 0.184894 0.160809 2299
2 0.298723 0.556195 0.0830315 0.0691812 2321
2 0.659341 0.456436 0.0585765 0.0421644 2348
2 0.158607 0.800636 0.218372 0.136303 2372
2 0.779663 0.480382 0.078506 0.0482158 2378
2 0.256815 0.541537 0.0757399 0.0562839 2511
2 0.150702 0.50256 0.0466092 0.0384394 2539
2 0.502041 0.47989 0.0483896 0.0509891 2617
2 0.544013 0.47033 0.0477133 0.045308 2619
2 0.438769 0.440355 0.0306797 0.0323994 2646
2 0.392103 0.444106 0.0259112 0.0268549 2650
2 0.985013 0.521913 0.0196456 0.0435831 2674
2 0.278215 0.415183 0.00967735 0.0140953 2686
2 0.950076 0.582328 0.0841396 0.0774577 2533
