2 0.458305 0.691188 0.18515 0.161099 2299
2 0.299214 0.55673 0.083003 0.0692729 2321
2 0.659336 0.456699 0.0582851 0.0418428 2348
2 0.15919 0.801194 0.21907 0.136645 2372
2 0.778857 0.480488 0.0773464 0.0475079 2378
2 0.257246 0.542216 0.075691 0.0564038 2511
2 0.203211 0.481823 0.036862 0.0332115 2539
2 0.449944 0.46173 0.0368839 0.0403762 2617
2 0.484165 0.454047 0.0384197 0.0375285 2619
2 0.408998 0.433558 0.0255804 0.0276027 2646
2 0.371809 0.437633 0.0220848 0.0235316 2650
2 0.98736 0.522672 0.0181765 0.0437703 2674
2 0.276911 0.413205 0.00973997 0.0142743 2686
2 0.415767 0.401407 0.0184838 0.015863 2479
