2 0.458388 0.69159 0.185338 0.161221 2299
2 0.299264 0.556867 0.0832871 0.069686 2321
2 0.659169 0.457108 0.058407 0.0419664 2348
2 0.158923 0.801688 0.218784 0.136392 2372
2 0.780364 0.480943 0.0759196 0.0469083 2378
2 0.257451 0.542574 0.075303 0.0562701 2511
2 0.23927 0.465738 0.0285156 0.0281359 2539
2 0.414553 0.450506 0.0289403 0.0334154 2617
2 0.442851 0.442857 0.0304252 0.0303554 2619
2 0.387144 0.42792 0.0218125 0.0236755 2646
2 0.356205 0.432296 0.0188019 0.0204411 2650
2 0.433942 0.404596 0.0193395 0.016667 2657
2 0.601279 0.488832 0.0593952 0.0501632 2567
2 0.99086 0.52339 0.0169226 0.041956 2674
