2 0.458434 0.689508 0.184217 0.160112 2299
2 0.299279 0.55502 0.0839774 0.0700593 2321
2 0.659248 0.456863 0.0582546 0.0419469 2348
2 0.15911 0.799106 0.217889 0.136051 2372
2 0.780314 0.480618 0.0776438 0.047823 2378
2 0.257226 0.540743 0.0756678 0.0560851 2511
2 0.0842254 0.530341 0.0557791 0.0432605 2539
2 0.481823 0.452028 0.0372481 0.0380638 2646
2 0.419928 0.452781 0.0313544 0.0316062 2650
2 0.983428 0.521496 0.0222898 0.0444118 2674
2 0.28006 0.417419 0.0101041 0.0146079 2686
2 0.334546 0.418133 0.0154191 0.0238573 2698
2 0.367094 0.420705 0.0185361 0.0169202 2699
2 0.588595 0.509946 0.0714171 0.0687693 2615
