2 0.455971 0.690716 0.185111 0.160943 2299
2 0.296463 0.556343 0.0830799 0.0690832 2321
2 0.656468 0.45744 0.0582498 0.0420957 2348
2 0.155436 0.801432 0.21916 0.136676 2372
2 0.778028 0.480932 0.0768307 0.0479266 2378
2 0.254158 0.542088 0.0761192 0.0565244 2511
2 0.974336 0.515976 0.0401798 0.0518715 2674
2 0.288034 0.430806 0.014831 0.020822 2686
2 0.389525 0.443209 0.0241272 0.0314117 2698
2 0.484359 0.454471 0.0383301 0.0340879 2699
2 0.345457 0.42864 0.0178761 0.0184314 2714
2 0.382394 0.401495 0.0162974 0.0144297 2730
2 0.560445 0.443917 0.0519416 0.0393032 2643
2 0.860128 0.597367 0.129347 0.0981206 2567
