2 0.454887 0.690637 0.185085 0.160845 2299
2 0.295687 0.556031 0.0856801 0.0711132 2321
2 0.65512 0.456515 0.0598281 0.0435106 2348
2 0.154109 0.8021 0.218919 0.136414 2372
2 0.774653 0.480259 0.0766142 0.0476793 2378
2 0.252901 0.542598 0.0765318 0.0565027 2511
2 0.96123 0.511582 0.065383 0.0574237 2674
2 0.236298 0.463589 0.0315794 0.0337825 2686
2 0.459454 0.470674 0.0409149 0.0384915 2714
2 0.390928 0.428715 0.0223017 0.0239667 2741
2 0.384981 0.444168 0.0266568 0.026238 2743
2 0.442811 0.443661 0.0282171 0.0275213 2760
2 0.352202 0.420878 0.015132 0.0165945 2769
2 0.559223 0.443262 0.0523048 0.0391125 2643
2 0.754084 0.563395 0.115056 0.101976 2617
