2 0.454707 0.690458 0.185004 0.160593 2299
2 0.295459 0.555579 0.0857399 0.0714562 2321
2 0.655296 0.457161 0.0570185 0.041606 2348
2 0.154152 0.801364 0.219516 0.136778 2372
2 0.775311 0.481017 0.0756397 0.0470962 2378
2 0.252687 0.541909 0.0767755 0.056621 2511
2 0.959948 0.513937 0.0760392 0.0611976 2674
2 0.0371964 0.544373 0.0666338 0.0532118 2686
2 0.546994 0.501527 0.0584997 0.0544004 2743
2 0.428561 0.442944 0.0268034 0.026898 2769
2 0.346675 0.429482 0.0195545 0.0216244 2798
2 0.328287 0.413522 0.0121825 0.0131937 2806
2 0.916765 0.621786 0.123572 0.0917953 2650
2 0.854031 0.555051 0.0976523 0.0732542 2699
