2 0.454348 0.690191 0.185129 0.160908 2299
2 0.294386 0.556232 0.0840212 0.0697271 2321
2 0.654847 0.455753 0.057998 0.0422654 2348
2 0.153194 0.802131 0.22016 0.137386 2372
2 0.774784 0.479428 0.0762269 0.047593 2378
2 0.252038 0.542077 0.0763379 0.0562818 2511
2 0.959631 0.513542 0.071405 0.0596462 2674
2 0.182389 0.483849 0.0433814 0.0400413 2686
2 0.541211 0.50114 0.0577694 0.0521435 2714
2 0.431633 0.43832 0.0298408 0.0307434 2741
2 0.41979 0.45582 0.0331758 0.0324641 2743
2 0.371171 0.426108 0.0180521 0.0194916 2769
2 0.317191 0.417621 0.0140655 0.0172811 2776
2 0.91706 0.572245 0.111219 0.0832876 2619
