2 0.45414 0.68968 0.185065 0.160921 2299
2 0.294327 0.555272 0.0841233 0.0699443 2321
2 0.654454 0.455675 0.0580922 0.0420048 2348
2 0.152984 0.80118 0.220541 0.137787 2372
2 0.775244 0.47944 0.0760203 0.0476024 2378
2 0.25153 0.541064 0.0764995 0.0563951 2511
2 0.959386 0.514181 0.0775113 0.0604277 2674
2 0.394479 0.444829 0.0289383 0.0317767 2798
2 0.324209 0.409497 0.0113587 0.0122228 2814
2 0.351761 0.419028 0.0145277 0.0179146 2825
2 0.395075 0.426789 0.027802 0.0241344 2834
2 0.546621 0.416468 0.0316841 0.0212981 2837
2 0.558511 0.442851 0.0521043 0.0389401 2643
2 0.530208 0.469594 0.0427105 0.0410127 2741
2 0.889233 0.592486 0.136834 0.0990931 2699
2 0.951282 0.571528 0.0882395 0.0832113 2698
