2 0.454138 0.689949 0.185311 0.161129 2299
2 0.294145 0.555786 0.0836791 0.069593 2321
2 0.654656 0.456484 0.0574225 0.0414652 2348
2 0.153172 0.801249 0.220424 0.137635 2372
2 0.774194 0.480671 0.0750084 0.0467369 2378
2 0.251846 0.541441 0.0762401 0.0561819 2511
2 0.959474 0.514939 0.0771469 0.06042 2674
2 0.384065 0.442311 0.0263973 0.0289868 2798
2 0.322195 0.409068 0.0110015 0.0118605 2814
2 0.346943 0.418143 0.0142416 0.0176983 2825
2 0.38803 0.426802 0.0260342 0.0226002 2834
2 0.558494 0.443517 0.0515835 0.0384982 2643
2 0.514243 0.464586 0.0393514 0.0392537 2741
2 0.803607 0.588236 0.117138 0.0913036 2617
2 0.783114 0.449201 0.0605846 0.0323813 2451
2 0.886007 0.55984 0.125095 0.0929331 2699
