2 0.453617 0.689966 0.185218 0.161064 2299
2 0.293675 0.555611 0.0855031 0.0714087 2321
2 0.653493 0.455865 0.0570859 0.0411346 2348
2 0.152795 0.802131 0.219739 0.137255 2372
2 0.775149 0.479245 0.0745132 0.0470749 2378
2 0.25093 0.541941 0.0769307 0.0566779 2511
2 0.959105 0.512674 0.0787951 0.0607114 2674
2 0.434557 0.457641 0.0372313 0.0402769 2798
2 0.332796 0.41454 0.011632 0.0123505 2814
2 0.368782 0.424693 0.0171071 0.02053 2825
2 0.425587 0.435467 0.0315535 0.0270692 2834
2 0.631665 0.500662 0.0580763 0.053047 2760
