2 0.452747 0.690772 0.184994 0.161044 2299
2 0.292414 0.556511 0.0835662 0.0692928 2321
2 0.652869 0.456674 0.0562529 0.0405414 2348
2 0.167845 0.797619 0.219128 0.137889 2372
2 0.77086 0.479432 0.0756643 0.0476738 2378
2 0.249842 0.542286 0.0770432 0.0567179 2511
2 0.958278 0.514023 0.0809577 0.0607329 2674
2 0.394099 0.431694 0.0219929 0.0230112 2814
2 0.353493 0.433379 0.0202084 0.0205869 2857
2 0.322112 0.410552 0.0133132 0.0150522 2874
2 0.938797 0.620027 0.133106 0.104703 2617
2 0.752338 0.536145 0.10092 0.0823007 2760
