2 0.453245 0.690376 0.185641 0.161511 2299
2 0.293182 0.556479 0.0835207 0.0695975 2321
2 0.653063 0.456216 0.0578092 0.0416391 2348
2 0.153188 0.802429 0.219594 0.137217 2372
2 0.774316 0.479056 0.074944 0.0475742 2378
2 0.250701 0.542194 0.0772044 0.0568862 2511
2 0.958785 0.513149 0.0795683 0.0610053 2674
2 0.471525 0.471397 0.0442529 0.0471798 2798
2 0.339577 0.415763 0.0134648 0.0143986 2814
2 0.382937 0.429107 0.0198981 0.023319 2825
2 0.451857 0.442171 0.0383104 0.0326389 2834
2 0.31756 0.419499 0.0135913 0.0146328 2857
2 0.727195 0.530375 0.0761783 0.0662363 2743
