2 0.45211 0.691375 0.185363 0.16136 2299
2 0.29182 0.557079 0.0836543 0.0689966 2321
2 0.651788 0.457451 0.0571292 0.0412531 2348
2 0.166619 0.798267 0.217684 0.137553 2372
2 0.761606 0.479025 0.0717157 0.0455986 2378
2 0.24934 0.54274 0.0768774 0.0565572 2511
2 0.957762 0.514901 0.0832993 0.0612829 2674
2 0.454297 0.468292 0.0399193 0.0378085 2857
2 0.363489 0.425375 0.0202715 0.0226034 2874
1 0.440842 0.536291 0.0237982 0.0344897 2905
0 0.443625 0.519134 0.0237831 0.0535696 2926
2 0.70802 0.447136 0.0769596 0.0331238 2930
2 0.576025 0.481932 0.0490033 0.0479588 2825
