2 0.452857 0.690075 0.185117 0.161096 2299
2 0.2924 0.555806 0.0842615 0.0699025 2321
2 0.653098 0.45555 0.0580053 0.0419433 2348
2 0.16815 0.796831 0.218212 0.137502 2372
2 0.770848 0.47829 0.0742952 0.0467964 2378
2 0.249872 0.541948 0.0769051 0.0566801 2511
2 0.958604 0.513171 0.0804787 0.0600655 2674
2 0.414313 0.436466 0.0248652 0.0258928 2814
2 0.365868 0.437075 0.0218331 0.0219125 2857
2 0.326886 0.412304 0.0135273 0.0155217 2874
1 0.473049 0.562727 0.0329114 0.0415705 2905
2 0.614547 0.431961 0.0274133 0.0253359 2913
2 0.90765 0.564607 0.130433 0.0988166 2714
2 0.563111 0.478946 0.057058 0.0484992 2834
2 0.557098 0.442128 0.0514012 0.038464 2643
