2 0.453165 0.689278 0.18524 0.161229 2299
2 0.29282 0.555103 0.0851558 0.0706878 2321
2 0.653247 0.453973 0.0590898 0.0429955 2348
2 0.168411 0.7965 0.217672 0.137269 2372
2 0.769545 0.476973 0.0741435 0.0469229 2378
2 0.250157 0.541456 0.0767672 0.0565627 2511
2 0.958918 0.512037 0.0816299 0.0604331 2674
2 0.456323 0.446221 0.0305521 0.0309451 2814
2 0.390449 0.444553 0.0267613 0.0263576 2857
2 0.33939 0.415062 0.0149657 0.0171546 2874
1 0.449867 0.550682 0.0331408 0.0427472 2905
2 0.909128 0.480536 0.102627 0.0400206 2916
2 0.690682 0.514317 0.0688863 0.0679689 2798
2 0.553114 0.419217 0.0292151 0.0195269 2837
