2 0.452936 0.689729 0.185362 0.161342 2299
2 0.292448 0.555512 0.0846209 0.070151 2321
2 0.652893 0.454666 0.0592646 0.0430065 2348
2 0.168147 0.796673 0.217673 0.137218 2372
2 0.769914 0.477796 0.0741184 0.0468102 2378
2 0.249928 0.541746 0.0768106 0.0565993 2511
2 0.958454 0.511992 0.0811758 0.0600528 2674
2 0.44061 0.442882 0.0281525 0.0287433 2814
2 0.381116 0.442089 0.0247941 0.0245776 2857
2 0.335082 0.414183 0.0142965 0.0163158 2874
3 0.45572 0.554745 0.033104 0.042177 2905
2 0.557076 0.442189 0.0519685 0.0388572 2643
2 0.942938 0.482376 0.0874023 0.0339396 2916
2 0.638787 0.49948 0.0681094 0.0599277 2769
