2 0.452474 0.690706 0.18545 0.16143 2299
2 0.292087 0.556503 0.0837674 0.0692716 2321
2 0.652366 0.456004 0.0581449 0.0421961 2348
2 0.167266 0.79809 0.218755 0.138218 2372
2 0.764762 0.478585 0.0721668 0.0458572 2378
2 0.249447 0.542546 0.0770794 0.0568341 2511
2 0.958154 0.513814 0.082384 0.0607345 2674
2 0.423562 0.457007 0.0331849 0.031954 2857
2 0.352036 0.42069 0.0176989 0.0199222 2874
1 0.443653 0.542879 0.0271797 0.0367599 2905
0 0.44185 0.526943 0.0257305 0.0559367 2926
2 0.768413 0.452683 0.0716131 0.0303804 2930
2 0.525653 0.46622 0.0479355 0.0415714 2761
2 0.916894 0.57207 0.124066 0.0909656 2714
