2 0.45366 0.692781 0.185091 0.16117 2299
2 0.29412 0.557606 0.0857909 0.0710648 2321
2 0.653841 0.459298 0.0582665 0.0421463 2348
2 0.168471 0.797715 0.216209 0.136499 2372
2 0.757729 0.479742 0.0721425 0.046309 2378
2 0.251517 0.543662 0.0761168 0.0558099 2511
2 0.95884 0.517697 0.0816682 0.0601016 2674
2 0.408578 0.441239 0.0292551 0.0318589 2874
3 0.457101 0.522205 0.0236161 0.0362358 2905
0 0.457208 0.507888 0.0190184 0.0462609 2926
2 0.579984 0.427705 0.055795 0.0261438 2930
2 0.387981 0.401417 0.0147634 0.0147747 2941
2 0.438905 0.410682 0.0201727 0.0158042 2944
2 0.325324 0.422493 0.0166164 0.0178815 2951
2 0.849425 0.558175 0.0974055 0.0781398 2741
