2 0.454035 0.692691 0.185013 0.161263 2299
2 0.294117 0.558074 0.0842942 0.0696876 2321
2 0.653189 0.459037 0.0566401 0.0410241 2348
2 0.169177 0.798173 0.216357 0.136769 2372
2 0.757166 0.479675 0.0709593 0.0456883 2378
2 0.251952 0.543972 0.0760347 0.055627 2511
2 0.959158 0.516434 0.0818654 0.0610939 2674
1 0.461961 0.521063 0.0229935 0.0352977 2905
0 0.462141 0.506009 0.0163032 0.0476013 2926
2 0.421117 0.405836 0.0227311 0.0151718 2930
2 0.352533 0.395663 0.0102466 0.0112396 2941
2 0.372598 0.400325 0.012757 0.0108838 2944
2 0.354769 0.432805 0.0206188 0.0223677 2951
2 0.335545 0.41653 0.0149425 0.0166839 2961
2 0.280999 0.425337 0.0139566 0.0161154 2971
1 0.533487 0.599579 0.034385 0.0520949 2976
