2 0.454231 0.692811 0.185207 0.161411 2299
2 0.294266 0.558273 0.0843318 0.0697427 2321
2 0.65412 0.45851 0.058186 0.0423282 2348
2 0.169596 0.798385 0.216597 0.136953 2372
2 0.757944 0.479527 0.0706181 0.0455491 2378
2 0.252143 0.544258 0.0764122 0.0559671 2511
2 0.959502 0.515643 0.0817221 0.0609652 2674
3 0.462146 0.520557 0.0225092 0.0344984 2905
0 0.462673 0.505766 0.0160724 0.0468273 2926
2 0.428714 0.406222 0.0255459 0.0167582 2930
2 0.354458 0.395991 0.0103455 0.0112935 2941
2 0.375893 0.400522 0.0136465 0.011507 2944
2 0.352584 0.43244 0.0199567 0.0216961 2951
2 0.33309 0.416069 0.0144891 0.0161554 2961
2 0.280039 0.424583 0.0138297 0.0158989 2971
1 0.545589 0.606662 0.0353863 0.0533511 2976
2 0.613936 0.424174 0.0272594 0.0231974 2913
