2 0.453891 0.692472 0.185008 0.161296 2299
2 0.293992 0.557838 0.0844842 0.06983 2321
2 0.652135 0.458974 0.0566085 0.0408704 2348
2 0.168933 0.797931 0.216831 0.137086 2372
2 0.757298 0.479203 0.0712368 0.0458936 2378
2 0.251471 0.543631 0.0766225 0.0561 2511
2 0.958915 0.516643 0.0819762 0.0611522 2674
1 0.461656 0.520997 0.0229536 0.0353248 2905
0 0.461787 0.505868 0.0164083 0.0480397 2926
2 0.414219 0.40359 0.0233952 0.0160303 2930
2 0.350833 0.395011 0.0100414 0.0110451 2941
2 0.37005 0.399343 0.0133012 0.0115547 2944
2 0.355952 0.433037 0.0210185 0.02287 2951
2 0.339324 0.416596 0.0149598 0.0168548 2961
2 0.282135 0.42585 0.0144348 0.0168089 2971
1 0.522439 0.59187 0.0345397 0.0527872 2976
