2 0.453441 0.692096 0.185024 0.161344 2299
2 0.29341 0.557477 0.083914 0.0694296 2321
2 0.643982 0.456053 0.0544552 0.0389064 2348
2 0.168322 0.798166 0.217176 0.137332 2372
2 0.756624 0.477913 0.0722202 0.0468421 2378
2 0.250739 0.543359 0.0768308 0.0563456 2511
2 0.956939 0.515731 0.081626 0.059941 2674
1 0.461053 0.520169 0.0232167 0.0361392 2905
0 0.461002 0.505202 0.0163039 0.0480715 2926
2 0.346578 0.393947 0.00912034 0.0101359 2941
2 0.361761 0.3979 0.0115558 0.0104149 2944
2 0.359725 0.433455 0.0218822 0.0238154 2951
2 0.345145 0.4182 0.0167408 0.0188494 2961
2 0.28709 0.428895 0.0161499 0.0185627 2971
1 0.495475 0.574009 0.0305437 0.0482032 2976
2 0.887989 0.473209 0.079707 0.039233 2927
