2 0.453595 0.69225 0.184503 0.160755 2299
2 0.294097 0.55725 0.0854785 0.0709834 2321
2 0.594088 0.45027 0.0497451 0.0359098 2348
2 0.168499 0.797743 0.217544 0.13758 2372
2 0.743271 0.476289 0.0703864 0.0458133 2378
2 0.251269 0.543155 0.0767975 0.0562195 2511
2 0.946278 0.511903 0.088727 0.0588706 2674
3 0.461079 0.519586 0.0212184 0.0335624 2905
0 0.461826 0.49964 0.0129554 0.0361941 2926
2 0.363798 0.430702 0.028802 0.0332462 2951
2 0.280978 0.440292 0.0198682 0.0242715 2971
0 0.461786 0.540174 0.0183202 0.0667507 3011
2 0.489965 0.411744 0.0268493 0.022193 3023
2 0.293654 0.40746 0.00954157 0.013268 3025
2 0.530518 0.41177 0.0277843 0.0198774 2837
