2 0.453232 0.692682 0.185048 0.161346 2299
2 0.293325 0.55801 0.0848072 0.0702156 2321
2 0.633639 0.453536 0.0565489 0.0405758 2348
2 0.168114 0.79894 0.21701 0.137241 2372
2 0.755472 0.479075 0.0704859 0.0457457 2378
2 0.250853 0.543932 0.0764154 0.0560174 2511
2 0.954199 0.515341 0.0836667 0.0603065 2674
3 0.460949 0.521028 0.0228025 0.0356702 2905
0 0.460492 0.507052 0.0165839 0.0489671 2926
2 0.361391 0.434849 0.0222357 0.0242963 2951
2 0.349868 0.420447 0.0175339 0.0195977 2961
2 0.287728 0.431994 0.0174118 0.0203591 2971
1 0.482136 0.566654 0.027615 0.0439112 2976
0 0.483468 0.555239 0.0194037 0.0703074 3011
2 0.55575 0.421612 0.0395138 0.0282168 2837
2 0.606407 0.422989 0.0328133 0.0253486 2913
