2 0.453726 0.692052 0.184938 0.161224 2299
2 0.294207 0.557428 0.0849546 0.0704291 2321
2 0.611751 0.451772 0.0529233 0.0383547 2348
2 0.168836 0.798127 0.21653 0.136879 2372
2 0.751424 0.478363 0.0692785 0.0448494 2378
2 0.251364 0.543409 0.0765097 0.0560425 2511
2 0.950272 0.513222 0.086679 0.0598646 2674
3 0.460785 0.520512 0.0229759 0.0368018 2905
0 0.461597 0.505367 0.0156705 0.0464356 2926
2 0.36335 0.43459 0.0229739 0.0253877 2951
2 0.357135 0.421623 0.0174084 0.0193453 2961
2 0.285542 0.436647 0.0182247 0.0221192 2971
1 0.469008 0.55691 0.0261445 0.0424689 2976
0 0.468111 0.544711 0.0185434 0.067233 3011
2 0.512176 0.414581 0.0299896 0.0246605 3023
2 0.291887 0.405696 0.00918455 0.0127713 3025
2 0.550302 0.416533 0.0304502 0.0217206 2837
