2 0.455503 0.691613 0.184793 0.160977 2299
2 0.29376 0.558049 0.0841262 0.0696421 2321
2 0.168377 0.798829 0.217282 0.137575 2372
2 0.719762 0.471635 0.0673729 0.0440179 2378
2 0.250919 0.54401 0.0773943 0.0566997 2511
2 0.938849 0.509406 0.0934082 0.0594072 2674
3 0.46131 0.51743 0.019786 0.0301613 2905
0 0.461338 0.496969 0.0118206 0.0302348 2926
2 0.366425 0.430292 0.0277693 0.032058 2951
2 0.265978 0.449572 0.0242222 0.0284462 2971
2 0.45891 0.407397 0.0220543 0.0182631 3023
2 0.495064 0.407344 0.0238605 0.0172524 2837
2 0.364205 0.461504 0.0540317 0.0431158 3034
2 0.562137 0.446808 0.0487665 0.035772 2643
2 0.904471 0.468979 0.0797991 0.0394942 2927
