2 0.598604 0.66336 0.175167 0.155461 2299
2 0.293864 0.558203 0.0845763 0.0698907 2321
2 0.205507 0.786623 0.212583 0.13557 2372
2 0.618144 0.455722 0.0506017 0.0341061 2378
2 0.251149 0.544488 0.0769776 0.0566509 2511
2 0.899186 0.501258 0.0949933 0.0570206 2674
1 0.466829 0.517828 0.0160415 0.0292399 2905
0 0.462263 0.503809 0.0160438 0.0430906 2926
2 0.363291 0.435735 0.0222006 0.0245058 2951
2 0.155141 0.49443 0.0442829 0.0407516 2971
2 0.406297 0.399878 0.0167411 0.0145552 3023
2 0.4318 0.398357 0.0170332 0.0133531 2837
2 0.474465 0.448258 0.0451446 0.032969 2643
2 0.283113 0.427749 0.015139 0.0210965 3047
2 0.382624 0.428886 0.0248141 0.0259054 2961
0 0.454503 0.528783 0.0154612 0.0641452 3011
2 0.511306 0.410283 0.0257581 0.017737 2913
2 0.457208 0.409784 0.0219984 0.0162161 3057
