2 0.907055 0.679127 0.185061 0.148662 2299
2 0.294089 0.558642 0.0844356 0.069823 2321
2 0.398486 0.72782 0.187187 0.126001 2372
2 0.522292 0.449576 0.0473615 0.0323092 2378
2 0.251297 0.545009 0.0763663 0.0563628 2511
2 0.789154 0.479201 0.0801071 0.0476815 2674
1 0.466464 0.518949 0.0154266 0.0296548 2905
0 0.462436 0.504138 0.0150972 0.0426023 2926
2 0.363149 0.436054 0.0221139 0.0246999 2951
2 0.377947 0.394907 0.0148325 0.0139208 3023
2 0.397296 0.394799 0.0128326 0.010313 2837
2 0.378652 0.461333 0.0493137 0.0360728 2643
2 0.2849 0.436551 0.0186905 0.0270309 3047
2 0.387911 0.431018 0.025403 0.0260867 2961
0 0.454796 0.526257 0.0161914 0.0649442 3011
2 0.447495 0.402092 0.0194699 0.0139358 2913
2 0.40738 0.402455 0.0151223 0.0113294 3057
2 0.0249771 0.817173 0.0359911 0.100651 3067
2 0.977429 0.483948 0.0804589 0.0387154 2998
