2 0.717762 0.662138 0.170893 0.14588 2299
2 0.293971 0.55789 0.0851731 0.070449 2321
2 0.272642 0.764758 0.204304 0.132898 2372
2 0.577997 0.451245 0.049752 0.033713 2378
2 0.251019 0.54455 0.0767193 0.0565081 2511
2 0.860774 0.491842 0.0913174 0.0544747 2674
1 0.466487 0.517355 0.016183 0.0305292 2905
0 0.46179 0.503116 0.0151573 0.041933 2926
2 0.363042 0.435509 0.0224346 0.0248842 2951
2 0.0788419 0.525054 0.0554116 0.0485242 2971
2 0.391894 0.396726 0.0163787 0.0146041 3023
2 0.415181 0.397202 0.0137563 0.0107616 2837
2 0.435696 0.451716 0.0471873 0.0341823 2643
2 0.285212 0.430569 0.0165622 0.0233046 3047
2 0.385578 0.430132 0.0244979 0.0254422 2961
0 0.453574 0.526983 0.0156922 0.0649876 3011
2 0.479485 0.406361 0.0212605 0.0149958 2913
2 0.432449 0.405755 0.0195279 0.0145168 3057
