2 0.293677 0.558662 0.0846368 0.0701416 2321
2 0.63746 0.681728 0.153073 0.106679 2372
2 0.435072 0.454293 0.0460958 0.031906 2378
2 0.250928 0.544968 0.0760353 0.0562096 2511
2 0.663939 0.452975 0.0612884 0.0378261 2674
1 0.465015 0.523465 0.020036 0.0434609 2905
0 0.462677 0.498435 0.0119237 0.0315663 2926
2 0.36259 0.436041 0.0220152 0.0248105 2951
2 0.360883 0.39204 0.0121346 0.0123744 3023
2 0.278122 0.483397 0.0530742 0.0388566 2643
2 0.272293 0.446588 0.0235447 0.0324849 3047
2 0.387269 0.431272 0.0255909 0.0262539 2961
0 0.456732 0.52251 0.0156384 0.0610357 3011
2 0.106692 0.793597 0.0836909 0.161133 3067
2 0.902087 0.505746 0.0457877 0.0539706 3069
2 0.323512 0.42234 0.0191762 0.0212148 3077
