2 0.293537 0.55907 0.0844888 0.0699441 2321
2 0.540806 0.696166 0.167147 0.118363 2372
2 0.463601 0.4522 0.0432853 0.0300001 2378
2 0.250777 0.545374 0.0765771 0.0565829 2511
2 0.705426 0.462098 0.0683825 0.0414984 2674
1 0.466523 0.521688 0.0173111 0.0357488 2905
0 0.462566 0.500618 0.0130259 0.0354249 2926
2 0.362218 0.436436 0.0217506 0.0244569 2951
2 0.365807 0.393057 0.0127266 0.0125832 3023
2 0.314318 0.475026 0.0516403 0.0380624 2643
2 0.278445 0.442675 0.0216758 0.0310735 3047
2 0.38724 0.431413 0.0256423 0.0263932 2961
0 0.455574 0.523827 0.0157122 0.0630671 3011
2 0.0743606 0.806553 0.061544 0.144334 3067
2 0.948318 0.515493 0.0392766 0.053668 3069
2 0.497807 0.408093 0.0256429 0.0193442 3072
