2 0.294329 0.558752 0.0843283 0.069932 2321
2 0.328489 0.472567 0.0503092 0.0351593 2378
2 0.251945 0.54459 0.0754551 0.0557439 2511
2 0.538013 0.42951 0.0403811 0.0270596 2674
1 0.462981 0.532349 0.021847 0.0504625 2905
0 0.462607 0.494713 0.0104969 0.0233762 2926
2 0.363141 0.436219 0.0219008 0.0244673 2951
2 0.119016 0.533173 0.0727657 0.0543104 2643
2 0.227702 0.465742 0.0381374 0.0414628 3047
2 0.387604 0.431244 0.0255592 0.0260583 2961
0 0.457462 0.523199 0.0154127 0.0592946 3011
2 0.327177 0.721908 0.175853 0.191305 3067
2 0.697948 0.469326 0.0506089 0.0405933 3069
2 0.332945 0.427182 0.0199585 0.0226835 3077
2 0.95966 0.516351 0.0426801 0.0570201 3086
2 0.573466 0.417411 0.0266486 0.023876 3064
