2 0.294135 0.558427 0.0846121 0.0701862 2321
2 0.948739 0.688197 0.151505 0.103526 2372
2 0.344219 0.469114 0.0488189 0.0339501 2378
2 0.251359 0.544703 0.0760157 0.0562622 2511
2 0.553276 0.432464 0.0425034 0.0281443 2674
1 0.461847 0.531537 0.0225373 0.05158 2905
0 0.46242 0.495548 0.011599 0.0267426 2926
2 0.363291 0.435954 0.0220293 0.0245783 2951
2 0.349869 0.389888 0.00930653 0.0102126 3023
2 0.145907 0.523239 0.0705693 0.0527326 2643
2 0.237544 0.4621 0.0352269 0.0396681 3047
2 0.387229 0.430963 0.0256481 0.0261811 2961
0 0.45714 0.52258 0.0154058 0.0590742 3011
2 0.284726 0.734276 0.155423 0.174198 3067
2 0.723237 0.473779 0.0514928 0.0429047 3069
2 0.332112 0.426263 0.020424 0.0230483 3077
2 0.972276 0.518098 0.0361827 0.0493106 3086
