2 0.294308 0.559063 0.0844322 0.0699687 2321
2 0.277127 0.484594 0.0520239 0.0362217 2378
2 0.251407 0.54511 0.0764013 0.0565144 2511
2 0.498449 0.422549 0.0323244 0.0229213 2674
3 0.461677 0.531564 0.022596 0.051765 2905
0 0.46238 0.494983 0.0119389 0.0249552 2926
2 0.362857 0.436339 0.0218504 0.0246328 2951
2 0.0346858 0.567267 0.0789854 0.0605188 2643
2 0.189887 0.480606 0.0471933 0.0460927 3047
2 0.387567 0.431388 0.0256546 0.0260334 2961
0 0.45738 0.523196 0.0152505 0.0599086 3011
2 0.631227 0.455394 0.0529556 0.0402987 3069
2 0.335849 0.428646 0.020705 0.0239273 3077
2 0.877289 0.499713 0.0477989 0.0560723 3086
2 0.462028 0.400559 0.027823 0.0215105 3072
