2 0.293611 0.558351 0.0846448 0.0700063 2321
2 0.150872 0.522399 0.0677513 0.0475782 2378
2 0.250864 0.544614 0.0764137 0.0563954 2511
2 0.430649 0.410858 0.0235687 0.0178317 2674
1 0.460297 0.536541 0.0155934 0.0389186 2905
0 0.461989 0.493554 0.0116976 0.0225212 2926
2 0.362428 0.435201 0.0220708 0.0254831 2951
2 0.0770036 0.523497 0.0704334 0.060576 3047
2 0.386655 0.430627 0.0254664 0.025907 2961
0 0.456823 0.523378 0.0149516 0.0605491 3011
2 0.52465 0.448057 0.0445183 0.030518 3069
2 0.340436 0.428578 0.0212939 0.0253152 3077
2 0.710767 0.468672 0.0493154 0.0453481 3086
2 0.423192 0.39605 0.0202762 0.0161064 3072
