2 0.294334 0.558796 0.0843709 0.0699426 2321
2 0.294787 0.479907 0.0513704 0.03583 2378
2 0.251378 0.544928 0.0762407 0.0563856 2511
2 0.509422 0.424665 0.0358272 0.0246543 2674
1 0.46199 0.531609 0.0224652 0.051633 2905
0 0.462444 0.495084 0.0116714 0.0248588 2926
2 0.362982 0.436067 0.0218644 0.0245772 2951
2 0.060511 0.554982 0.0792367 0.0593006 2643
2 0.204057 0.474625 0.0440993 0.0445569 3047
2 0.387602 0.431258 0.02559 0.026017 2961
0 0.45756 0.522807 0.0151567 0.0589631 3011
2 0.652863 0.461442 0.0483346 0.0370701 3069
2 0.335037 0.428023 0.0201674 0.0232254 3077
2 0.909052 0.505689 0.0465887 0.0573511 3086
2 0.468762 0.401698 0.0283378 0.0217382 3072
