2 0.293339 0.558067 0.0851576 0.0705017 2321
2 0.0980925 0.540548 0.0737036 0.0520218 2378
2 0.250568 0.544436 0.0767783 0.0566828 2511
2 0.412587 0.408496 0.0216055 0.0167924 2674
1 0.458391 0.535624 0.0156486 0.0399818 2905
0 0.461834 0.493424 0.01185 0.0223423 2926
2 0.362696 0.434207 0.0221982 0.0257056 2951
2 0.0323327 0.541484 0.0709883 0.061624 3047
2 0.386068 0.430419 0.0253717 0.0259154 2961
0 0.456978 0.523271 0.0150968 0.0618026 3011
2 0.49139 0.448916 0.0441212 0.029939 3069
2 0.341401 0.429026 0.0212858 0.0253767 3077
2 0.66525 0.461727 0.0490002 0.0427415 3086
2 0.412709 0.394173 0.0188635 0.0151454 3072
2 0.318034 0.420213 0.0160016 0.0176837 3102
