2 0.292318 0.557681 0.0838549 0.0689748 2321
2 0.24973 0.543267 0.0765487 0.0563789 2511
3 0.461238 0.528005 0.0195465 0.0493462 2905
0 0.461068 0.492872 0.0127311 0.022718 2926
2 0.361546 0.434926 0.0214628 0.0236566 2951
2 0.385572 0.429636 0.0254643 0.0259183 2961
0 0.456177 0.522671 0.0150139 0.0611278 3011
2 0.321342 0.471967 0.0515214 0.0324377 3069
2 0.341343 0.428836 0.0208246 0.0253018 3077
2 0.496968 0.448664 0.0456695 0.03549 3086
2 0.325233 0.422853 0.017954 0.0208586 3102
2 0.819941 0.485296 0.0543985 0.0558224 3111
