2 0.292554 0.557687 0.0836128 0.0689866 2321
2 0.250045 0.543334 0.0762825 0.0563399 2511
2 0.384157 0.40413 0.0174925 0.0139812 2674
1 0.459679 0.534366 0.0155327 0.0410544 2905
0 0.46126 0.492457 0.0122699 0.0223964 2926
2 0.36307 0.432002 0.0235638 0.0269972 2951
2 0.386194 0.42945 0.0251763 0.0257757 2961
0 0.457086 0.52209 0.0150137 0.0611405 3011
2 0.419118 0.454449 0.045655 0.0295507 3069
2 0.341631 0.428619 0.0209669 0.0254076 3077
2 0.586175 0.451371 0.0468217 0.0379781 3086
2 0.396567 0.390896 0.0180715 0.0158043 3072
2 0.322929 0.420801 0.0177708 0.0197245 3102
2 0.955845 0.511006 0.0479459 0.061371 3111
