2 0.29329 0.558043 0.0844284 0.0698512 2321
2 0.0757922 0.550339 0.0729917 0.0525054 2378
2 0.250649 0.544209 0.0768106 0.0567075 2511
2 0.40488 0.406977 0.0207849 0.0163701 2674
1 0.458233 0.533965 0.0168151 0.0430517 2905
0 0.46197 0.493006 0.0121744 0.0227897 2926
2 0.363577 0.434181 0.022284 0.0256298 2951
2 0.386121 0.430093 0.0254109 0.0260021 2961
0 0.457371 0.522287 0.0151353 0.0619237 3011
2 0.473487 0.449177 0.0453091 0.0304049 3069
2 0.34173 0.428988 0.0209953 0.0251606 3077
2 0.644344 0.457375 0.048173 0.0410785 3086
2 0.408811 0.392935 0.0195946 0.0160096 3072
2 0.319655 0.420316 0.0167593 0.0185325 3102
