2 0.292119 0.556971 0.0841123 0.0690446 2321
2 0.249623 0.542389 0.0775134 0.0570327 2511
3 0.460136 0.527725 0.0207674 0.0508392 2905
0 0.461376 0.49765 0.0174943 0.0355463 2926
2 0.361539 0.4331 0.0225786 0.0237218 2951
2 0.38513 0.42841 0.0251394 0.0255154 2961
0 0.456296 0.520654 0.0150479 0.0611816 3011
2 0.0509109 0.555021 0.0814325 0.0513564 3069
2 0.341375 0.427922 0.0209648 0.0254953 3077
2 0.324412 0.466562 0.0509602 0.0389706 3086
2 0.329169 0.423379 0.015299 0.0212938 3102
2 0.604317 0.448311 0.0512181 0.0399428 3111
2 0.914536 0.498997 0.0537579 0.0638036 3124
