2 0.292878 0.556784 0.0840464 0.0691735 2321
2 0.250522 0.54286 0.076634 0.0563106 2511
1 0.46148 0.527439 0.0205512 0.0503211 2905
0 0.461659 0.498055 0.0186064 0.0353889 2926
2 0.362934 0.434414 0.02235 0.0239122 2951
2 0.386067 0.429091 0.0251575 0.025553 2961
0 0.45666 0.521649 0.0148739 0.061172 3011
2 0.203854 0.501858 0.0661347 0.0413164 3069
2 0.342142 0.428519 0.0202337 0.024352 3077
2 0.412011 0.45392 0.0471203 0.0362403 3086
2 0.327871 0.423753 0.0165649 0.0211491 3102
2 0.699088 0.463083 0.0548855 0.0465695 3111
2 0.241632 0.719443 0.261457 0.157704 3120
