2 0.291762 0.556676 0.0846509 0.0694268 2321
2 0.248836 0.542302 0.0771448 0.0567931 2511
3 0.459231 0.528645 0.0197341 0.0487235 2905
0 0.461438 0.505029 0.022464 0.0498242 2926
2 0.36128 0.433704 0.0223572 0.0234829 2951
2 0.384903 0.428497 0.0250544 0.025447 2961
0 0.45621 0.520945 0.0151329 0.0612244 3011
2 0.340854 0.42776 0.0207062 0.0250098 3077
2 0.268473 0.47867 0.0537777 0.0408829 3086
2 0.328337 0.422729 0.0154644 0.0225188 3102
2 0.553476 0.444879 0.0515398 0.0387187 3111
2 0.809551 0.480741 0.0544347 0.0575659 3124
2 0.135091 0.791727 0.198761 0.144624 3129
