2 0.294312 0.557006 0.0848056 0.069854 2321
2 0.251697 0.54239 0.0768645 0.0564711 2511
3 0.461524 0.528506 0.021905 0.0532294 2905
2 0.364106 0.434806 0.0229229 0.023696 2951
2 0.38745 0.429615 0.0253116 0.0255229 2961
0 0.458296 0.522064 0.0149743 0.0600802 3011
2 0.343594 0.429724 0.0200341 0.0234183 3077
2 0.140986 0.513439 0.0643166 0.048782 3086
2 0.333769 0.423094 0.0163386 0.0232147 3102
2 0.457635 0.448831 0.0496936 0.0365096 3111
2 0.657425 0.457738 0.0525577 0.0461988 3124
2 0.402922 0.708972 0.181955 0.135462 3129
2 0.898991 0.504839 0.0611211 0.0562848 3131
