2 0.295837 0.555768 0.0848303 0.0699315 2321
2 0.252921 0.541588 0.0767467 0.0565113 2511
3 0.46243 0.525777 0.0224776 0.0557066 2905
2 0.365346 0.433813 0.0226455 0.0233878 2951
2 0.388404 0.428616 0.0251932 0.0254017 2961
0 0.459643 0.520957 0.0148593 0.0594613 3011
2 0.345341 0.428022 0.0208394 0.02444 3077
2 0.117844 0.520446 0.0670325 0.0507885 3086
2 0.33641 0.422088 0.0174217 0.0241009 3102
2 0.442751 0.448672 0.0509063 0.0372072 3111
2 0.63776 0.453184 0.0516005 0.0442161 3124
2 0.445321 0.698187 0.178333 0.134134 3129
2 0.866111 0.495131 0.0591027 0.0531981 3131
2 0.902253 0.672423 0.230289 0.141302 3132
