2 0.29222 0.557405 0.0843945 0.0691487 2321
2 0.24937 0.543105 0.0766058 0.056339 2511
3 0.460509 0.529339 0.0205189 0.0507031 2905
2 0.361894 0.43497 0.0226201 0.023615 2951
2 0.385341 0.429867 0.0252887 0.025662 2961
0 0.456599 0.522122 0.015018 0.0604037 3011
2 0.33997 0.428621 0.020774 0.0245402 3077
2 0.232628 0.48933 0.0560128 0.0432839 3086
2 0.32765 0.424152 0.0138477 0.0209697 3102
2 0.521085 0.445807 0.0505982 0.0373594 3111
2 0.750778 0.471849 0.0547643 0.0537914 3124
2 0.224986 0.761155 0.192929 0.140401 3129
