2 0.291418 0.557517 0.0842352 0.0690661 2321
2 0.24873 0.542983 0.0772896 0.0568232 2511
1 0.459873 0.527723 0.021315 0.052048 2905
0 0.46106 0.499745 0.0182353 0.0386917 2926
2 0.360727 0.434228 0.0228011 0.0240184 2951
2 0.384405 0.429137 0.0251218 0.0254971 2961
0 0.455809 0.52121 0.0148452 0.0599783 3011
2 0.339897 0.428559 0.0202374 0.0244611 3077
2 0.286921 0.474849 0.051979 0.0395539 3086
2 0.328042 0.423754 0.0154079 0.022202 3102
2 0.569706 0.44711 0.0507497 0.0384129 3111
2 0.841664 0.487505 0.0548581 0.0604491 3124
2 0.101995 0.803442 0.195091 0.142097 3129
