2 0.297921 0.554347 0.0825556 0.0684135 2321
2 0.256796 0.539586 0.0750206 0.0556704 2511
2 0.364866 0.433881 0.0236494 0.0243075 2951
2 0.388125 0.428579 0.0257327 0.025529 2961
0 0.459693 0.522696 0.0158053 0.0607467 3011
2 0.344077 0.42811 0.0193571 0.0246209 3077
2 0.302924 0.474421 0.0509296 0.03754 3131
2 0.11798 0.522761 0.0838556 0.0630441 3124
2 0.67902 0.464574 0.0541396 0.0410598 3145
2 0.885792 0.480079 0.048462 0.0461724 3153
0 0.469309 0.501349 0.0132347 0.0401666 3156
1 0.459766 0.53821 0.00752687 0.0342243 3157
