2 0.301107 0.552928 0.0820364 0.0679041 2321
2 0.260684 0.537366 0.0744636 0.0552887 2511
2 0.36552 0.433393 0.0229855 0.0236363 2951
2 0.388976 0.428362 0.0255138 0.025302 2961
0 0.460752 0.522215 0.0157768 0.0607313 3011
2 0.344717 0.427868 0.0193282 0.0246307 3077
2 0.285435 0.478609 0.0529331 0.0389083 3131
2 0.0916124 0.532394 0.0860656 0.0650625 3124
2 0.674182 0.463023 0.0523155 0.0393053 3145
2 0.859417 0.474517 0.0482592 0.0446079 3153
0 0.472676 0.499733 0.0137097 0.0415891 3156
1 0.460576 0.53696 0.00751521 0.0340966 3157
