2 0.370606 0.513911 0.0653742 0.0555166 2321
2 0.359248 0.488012 0.052715 0.0395608 2511
2 0.362505 0.435503 0.0230176 0.0239987 2951
2 0.386377 0.430638 0.0256602 0.0255689 2961
0 0.488129 0.506269 0.0130926 0.0459768 3011
2 0.342538 0.430168 0.0192739 0.0245201 3077
2 0.080785 0.543296 0.0777903 0.0572527 3131
2 0.653306 0.460936 0.0592738 0.0392248 3145
2 0.717883 0.448474 0.0493248 0.0359428 3153
2 0.813784 0.45489 0.0461485 0.0404484 3160
1 0.489021 0.520718 0.0151939 0.0288734 2905
0 0.517321 0.476588 0.0140593 0.0383065 3162
1 0.51734 0.489915 0.0106772 0.0285891 3156
