2 0.400085 0.495895 0.0583643 0.0501752 2321
2 0.395019 0.46771 0.0439293 0.0326197 2511
2 0.362912 0.434975 0.0230769 0.024049 2951
2 0.385587 0.429886 0.0256891 0.0255269 2961
2 0.342056 0.429305 0.0193324 0.0246225 3077
2 0.654093 0.461114 0.0595566 0.0385134 3145
2 0.706286 0.446513 0.0492928 0.0346426 3153
2 0.768636 0.446773 0.0470414 0.0381029 3160
1 0.505337 0.511168 0.0160037 0.0292556 2905
0 0.533681 0.466621 0.0132165 0.0366482 3162
1 0.53321 0.478834 0.0105027 0.0252778 3156
2 0.0241904 0.699528 0.0298831 0.076988 3164
0 0.503652 0.493752 0.0248557 0.0404863 3158
