2 0.410239 0.490854 0.0554497 0.0478392 2321
2 0.406325 0.462843 0.0425368 0.0316034 2511
2 0.362375 0.435418 0.0228876 0.0240467 2951
2 0.385987 0.430269 0.0257539 0.0255515 2961
2 0.342319 0.429798 0.0191765 0.0244756 3077
2 0.654658 0.461679 0.0605329 0.0389509 3145
2 0.704709 0.446755 0.0501361 0.0349494 3153
2 0.758396 0.44564 0.0469777 0.0373685 3160
1 0.510338 0.508587 0.0150019 0.0275338 2905
0 0.539236 0.463746 0.012605 0.0352687 3162
1 0.538147 0.476289 0.0105568 0.0248351 3156
2 0.0355899 0.69617 0.0335348 0.0842042 3164
0 0.508148 0.491739 0.0239161 0.040622 3158
