2 0.465485 0.45915 0.0422158 0.0380369 2321
2 0.45268 0.436162 0.0331978 0.0274684 2511
2 0.36613 0.435084 0.0229504 0.024096 2951
2 0.389109 0.430042 0.02554 0.0254062 2961
2 0.345535 0.428881 0.0197177 0.0252872 3077
2 0.659528 0.463343 0.0623332 0.0392758 3145
2 0.70787 0.447682 0.0535491 0.0361478 3153
2 0.724993 0.438394 0.0416002 0.0335503 3160
1 0.539982 0.487074 0.0136359 0.0265527 2905
2 0.167304 0.623743 0.0605321 0.0942127 3164
0 0.539077 0.473768 0.0167671 0.0371187 3158
2 0.334144 0.736208 0.151416 0.154714 3166
2 0.1911 0.562751 0.079276 0.044702 3167
