2 0.421733 0.485326 0.0535939 0.0463898 2321
2 0.417016 0.457425 0.0406862 0.030354 2511
2 0.363589 0.435415 0.0228405 0.0239897 2951
2 0.387198 0.430417 0.0257495 0.0255482 2961
2 0.343089 0.429856 0.0190044 0.0241424 3077
2 0.656112 0.462542 0.0612969 0.0392493 3145
2 0.705148 0.447717 0.0504819 0.0349082 3153
2 0.752062 0.445167 0.0465306 0.0367619 3160
1 0.515941 0.505393 0.0150695 0.0279053 2905
0 0.545962 0.460463 0.011586 0.0322677 3162
1 0.544936 0.47292 0.0101198 0.0230118 3156
2 0.049952 0.692075 0.0420942 0.101291 3164
0 0.513839 0.48903 0.0226472 0.0405589 3158
2 0.0793452 0.824076 0.123974 0.138418 3166
2 0.0516478 0.630472 0.0820219 0.0486942 3167
