2 0.449421 0.468424 0.0469503 0.0414488 2321
2 0.440469 0.444187 0.0363971 0.0285304 2511
2 0.365569 0.434975 0.0230079 0.0240991 2951
2 0.388163 0.429892 0.0256291 0.0254767 2961
2 0.344489 0.429192 0.019422 0.0249314 3077
2 0.658076 0.462337 0.0618669 0.039188 3145
2 0.705617 0.447006 0.052176 0.0355303 3153
2 0.734597 0.440321 0.0437737 0.0352154 3160
1 0.530256 0.494992 0.0131699 0.0249841 2905
0 0.564577 0.451633 0.00966498 0.02783 3162
3 0.564057 0.462311 0.0109578 0.0227285 3156
2 0.107648 0.654607 0.0560028 0.103607 3164
0 0.529351 0.480151 0.0205158 0.0419869 3158
2 0.215231 0.773905 0.150613 0.159859 3166
2 0.131924 0.590007 0.0843114 0.0486659 3167
