2 0.497972 0.419909 0.0166951 0.0218524 2321
2 0.443981 0.406987 0.0155988 0.0160698 2511
2 0.365634 0.434425 0.0236958 0.0246347 2951
2 0.388075 0.42956 0.0254778 0.0254786 2961
2 0.343791 0.428568 0.0192075 0.0250803 3077
2 0.658622 0.46182 0.0644123 0.0400727 3145
2 0.708778 0.447179 0.0537446 0.0356157 3153
2 0.707212 0.430669 0.0441922 0.0227037 3160
2 0.420078 0.484733 0.0489863 0.0485884 3164
2 0.900087 0.679857 0.170546 0.137192 3166
2 0.410694 0.457475 0.0511683 0.0311464 3167
3 0.636581 0.430388 0.00921504 0.0155779 3156
2 0.220632 0.599303 0.0616096 0.0743457 3169
2 0.183184 0.782309 0.118295 0.18261 3170
2 0.0456533 0.651058 0.0754451 0.0824627 3172
1 0.598694 0.448526 0.0106106 0.0206362 2905
