2 0.43949 0.406378 0.0154055 0.0158254 2511
2 0.365452 0.435046 0.0234768 0.0244948 2951
2 0.388241 0.429894 0.0254945 0.0255154 2961
2 0.342788 0.428735 0.019189 0.0246834 3077
2 0.659025 0.462745 0.0636949 0.0395357 3145
2 0.709005 0.447584 0.0546889 0.0362825 3153
2 0.707439 0.430804 0.0432864 0.0217363 3160
2 0.433405 0.477677 0.0470519 0.0462365 3164
2 0.934789 0.683577 0.161843 0.131497 3166
2 0.420678 0.453462 0.0511134 0.0320667 3167
2 0.250244 0.584214 0.0596999 0.0695884 3169
2 0.236938 0.764975 0.125604 0.181957 3170
2 0.0632368 0.637512 0.0773931 0.0835593 3172
1 0.604627 0.447703 0.0109111 0.0207103 2905
0 0.603943 0.438446 0.0096564 0.0277856 3158
