2 0.499644 0.427944 0.0247714 0.0280705 2321
2 0.458742 0.412419 0.0186411 0.0192705 2511
2 0.365286 0.433973 0.0228951 0.024074 2951
2 0.388168 0.428912 0.0256413 0.0256382 2961
2 0.344199 0.428042 0.0192679 0.0249521 3077
2 0.658645 0.461058 0.0634305 0.0393129 3145
2 0.708771 0.445819 0.0535493 0.035687 3153
2 0.706583 0.427895 0.0358675 0.0203026 3160
1 0.57639 0.458234 0.0116955 0.0236394 2905
2 0.356378 0.520894 0.0568548 0.0602679 3164
0 0.576577 0.448116 0.0110487 0.0299813 3158
2 0.71339 0.662091 0.137144 0.123353 3166
2 0.360193 0.480795 0.0584257 0.0332327 3167
3 0.620138 0.435326 0.0100849 0.0184874 3156
2 0.0792533 0.675253 0.0647181 0.0907133 3169
0 0.621228 0.42704 0.00868594 0.0254381 3162
2 0.0540913 0.826568 0.0703694 0.13231 3170
