2 0.365505 0.433905 0.0233623 0.0240278 2951
2 0.388291 0.428837 0.0255306 0.025569 2961
2 0.344568 0.428018 0.0197626 0.0250226 3077
2 0.659727 0.461248 0.0649133 0.0406353 3145
2 0.709294 0.446689 0.0550389 0.0363122 3153
2 0.708323 0.430128 0.0489058 0.0218727 3160
2 0.424652 0.483402 0.0428289 0.0407427 3169
2 0.333896 0.500395 0.0548425 0.0490194 3172
2 0.455473 0.401459 0.0135342 0.0165955 3173
2 0.268874 0.568684 0.0662859 0.0793931 3174
2 0.756353 0.671923 0.144542 0.141657 3170
2 0.0367528 0.654967 0.0589853 0.0738373 3176
2 0.499078 0.430761 0.0153417 0.0297768 3177
2 0.459513 0.420387 0.0159489 0.0230503 3178
