2 0.365798 0.435195 0.0226821 0.0235823 2951
2 0.388523 0.430007 0.0253475 0.025483 2961
2 0.344 0.428545 0.0194998 0.0248627 3077
2 0.659486 0.462764 0.064269 0.0398295 3145
2 0.709726 0.447877 0.0540786 0.0358332 3153
2 0.70831 0.431055 0.0460045 0.0218847 3160
2 0.471731 0.45345 0.0384074 0.0377942 3164
2 0.450635 0.437713 0.0393047 0.0279282 3167
2 0.33968 0.533608 0.0522449 0.054441 3169
2 0.199544 0.567956 0.0684152 0.0679242 3172
2 0.480158 0.411144 0.0140517 0.0190431 3173
2 0.0575287 0.686068 0.0673341 0.101973 3174
0 0.626366 0.431633 0.00858822 0.0258153 3158
1 0.625677 0.439289 0.010217 0.0191659 2905
