2 0.36553 0.433807 0.0226945 0.0234859 2951
2 0.388752 0.428354 0.0253829 0.0254145 2961
2 0.344953 0.427781 0.0192541 0.0246246 3077
2 0.65964 0.461297 0.064772 0.0404824 3145
2 0.709531 0.446925 0.0549875 0.0361259 3153
2 0.709119 0.429406 0.0497873 0.0210982 3160
2 0.493263 0.440792 0.0280399 0.0275343 3169
2 0.438341 0.443857 0.0319163 0.0260375 3172
2 0.419168 0.395377 0.0121502 0.0125618 3173
2 0.445387 0.469469 0.0455128 0.0445138 3174
2 0.310747 0.513799 0.0522745 0.0518773 3176
2 0.488679 0.410277 0.0115126 0.019033 3177
2 0.435406 0.406999 0.0132749 0.0170964 3178
2 0.259955 0.58075 0.0835291 0.0741501 3180
2 0.127304 0.816853 0.121694 0.13508 3182
