2 0.365495 0.434191 0.0232595 0.0239976 2951
2 0.388272 0.429039 0.0255296 0.0256539 2961
2 0.344464 0.428185 0.0197227 0.0251722 3077
2 0.659269 0.461716 0.0635507 0.0395155 3145
2 0.709455 0.446908 0.05467 0.0360293 3153
2 0.708722 0.429722 0.0498931 0.0218788 3160
2 0.462856 0.461285 0.0364607 0.0340689 3169
2 0.390989 0.470609 0.0463982 0.0405593 3172
2 0.438093 0.398908 0.0126415 0.0143062 3173
2 0.368273 0.514498 0.055559 0.0587604 3174
2 0.168297 0.584316 0.0639505 0.0727237 3176
2 0.499464 0.419982 0.0129438 0.0244918 3177
2 0.452828 0.41391 0.0140782 0.0198634 3178
2 0.065434 0.688152 0.107086 0.100706 3180
2 0.929044 0.69598 0.151813 0.142082 3170
