2 0.365522 0.433733 0.0231248 0.0238283 2951
2 0.388379 0.428658 0.0254519 0.0255448 2961
2 0.34475 0.427796 0.0198152 0.0251866 3077
2 0.659467 0.461191 0.0631417 0.0394233 3145
2 0.709802 0.446341 0.0547296 0.0361378 3153
2 0.708304 0.429299 0.0485732 0.0214798 3160
2 0.445155 0.471178 0.0397975 0.0373532 3169
2 0.364542 0.484418 0.0514872 0.0454169 3172
2 0.446951 0.399651 0.0130738 0.0153517 3173
2 0.323262 0.538816 0.060224 0.0672455 3174
2 0.0888607 0.62238 0.067315 0.0810672 3176
2 0.499874 0.424265 0.014088 0.027098 3177
2 0.457428 0.416476 0.0146237 0.0210214 3178
