2 0.367446 0.433919 0.0231868 0.0239134 2951
2 0.390226 0.428807 0.0250807 0.0250518 2961
2 0.346209 0.427632 0.0193053 0.0248431 3077
2 0.661 0.462217 0.0639306 0.0398994 3145
2 0.71155 0.447579 0.0545357 0.0357644 3153
2 0.710946 0.429909 0.0510431 0.0215168 3160
2 0.455856 0.435701 0.0325423 0.0281614 3172
2 0.473176 0.452339 0.0385849 0.0377695 3174
2 0.367453 0.485205 0.0471696 0.0446913 3176
2 0.477726 0.406042 0.0125698 0.0183625 3177
2 0.425069 0.403974 0.013163 0.0160175 3178
2 0.345936 0.533358 0.0678978 0.0581762 3180
2 0.287223 0.769776 0.13275 0.135967 3182
2 0.504712 0.429758 0.0238961 0.0243051 3169
