2 0.368489 0.432296 0.0241191 0.0249481 2951
2 0.391317 0.427712 0.025011 0.0248965 2961
2 0.347368 0.426648 0.0193395 0.0248674 3077
2 0.661806 0.46044 0.0643981 0.0401769 3145
2 0.712692 0.446081 0.0545158 0.0357319 3153
2 0.71196 0.42835 0.0519997 0.0219282 3160
2 0.460067 0.431238 0.0309653 0.0275332 3172
2 0.478649 0.446919 0.0352776 0.0353563 3174
2 0.382927 0.47562 0.0441743 0.0413439 3176
2 0.474165 0.403099 0.0130316 0.01823 3177
2 0.422397 0.400871 0.0135195 0.0161675 3178
2 0.369168 0.519333 0.0627724 0.053283 3180
2 0.338998 0.755206 0.133556 0.133258 3182
2 0.506393 0.426146 0.02315 0.0241699 3169
