2 0.365777 0.435457 0.0233074 0.0241215 2951
2 0.388499 0.430424 0.025462 0.025459 2961
2 0.344538 0.429188 0.0190777 0.0245103 3077
2 0.659622 0.464137 0.0640177 0.0400183 3145
2 0.709662 0.449484 0.0544476 0.0356836 3153
2 0.709053 0.43226 0.0506889 0.0214071 3160
2 0.450144 0.441015 0.0337268 0.028503 3172
2 0.411839 0.396355 0.0121542 0.012469 3173
2 0.464873 0.459591 0.0411418 0.0399452 3174
2 0.348964 0.495969 0.048848 0.0468961 3176
2 0.4802 0.409614 0.0120586 0.0184817 3177
2 0.42754 0.406317 0.0135224 0.0167907 3178
2 0.319162 0.550015 0.071839 0.0621578 3180
2 0.23339 0.786628 0.130786 0.137375 3182
