2 0.366275 0.434446 0.0225956 0.0237952 2951
2 0.38916 0.42926 0.0251536 0.0254241 2961
2 0.344913 0.428155 0.0203776 0.0249277 3077
2 0.660566 0.462487 0.0640898 0.0394422 3145
2 0.710723 0.447469 0.0552724 0.0364641 3153
2 0.710416 0.430143 0.052048 0.0216078 3160
2 0.408824 0.393361 0.0125425 0.0125008 3177
2 0.972979 0.718084 0.133272 0.106122 3182
2 0.83264 0.471811 0.0653182 0.0481198 3187
2 0.662618 0.679014 0.136713 0.119486 3190
2 0.363489 0.485089 0.0512384 0.0472399 3203
2 0.438767 0.405826 0.0147576 0.0176979 3207
2 0.463086 0.420278 0.0162859 0.0216441 3210
2 0.150598 0.802297 0.116901 0.130515 3212
2 0.500959 0.428726 0.0153042 0.0240724 3213
