2 0.365625 0.434526 0.0223857 0.0236751 2951
2 0.389073 0.429302 0.0252553 0.0255646 2961
2 0.344458 0.428114 0.0202503 0.0247304 3077
2 0.660387 0.462402 0.0637953 0.0392773 3145
2 0.71055 0.447396 0.0553297 0.0364467 3153
2 0.710027 0.430121 0.0533936 0.022199 3160
2 0.411606 0.394096 0.0125504 0.0125619 3177
2 0.941631 0.710217 0.144745 0.109535 3182
2 0.839247 0.47235 0.0653213 0.0491781 3187
2 0.614714 0.686036 0.134205 0.119746 3190
2 0.342525 0.495654 0.0543115 0.0506326 3203
2 0.442359 0.407117 0.0152076 0.0184185 3207
2 0.463104 0.4222 0.0169236 0.0224404 3210
2 0.0957755 0.814167 0.099426 0.113704 3212
