2 0.366666 0.433184 0.0226303 0.0234841 2951
2 0.389988 0.428197 0.0250132 0.0251567 2961
2 0.345941 0.42752 0.0197244 0.0251773 3077
2 0.661057 0.460987 0.0639846 0.0394187 3145
2 0.711591 0.446083 0.0541642 0.035557 3153
2 0.711002 0.428742 0.0519727 0.0215152 3160
2 0.45949 0.433065 0.0286452 0.0274875 3176
2 0.431904 0.395662 0.0130482 0.0142742 3177
2 0.485027 0.448113 0.0360306 0.0312389 3180
2 0.721436 0.691088 0.135375 0.113316 3182
2 0.877351 0.478323 0.0551833 0.0498101 3187
2 0.395834 0.716207 0.143519 0.136379 3190
2 0.185813 0.573905 0.0734021 0.0739111 3203
2 0.458797 0.4125 0.0160562 0.0199915 3207
2 0.501863 0.41845 0.0238186 0.0278055 3196
