2 0.366609 0.43399 0.0223836 0.0234756 2951
2 0.389747 0.428784 0.025317 0.0255091 2961
2 0.345713 0.427847 0.0200155 0.0252395 3077
2 0.660646 0.461571 0.0657581 0.0399294 3145
2 0.71117 0.446819 0.0549943 0.0361443 3153
2 0.710888 0.429935 0.052548 0.021694 3160
2 0.820216 0.468847 0.0757893 0.0473933 3187
2 0.394428 0.39492 0.0138555 0.0148702 3207
2 0.870185 0.699088 0.142817 0.115227 3212
2 0.463468 0.422504 0.0196336 0.0260492 3227
2 0.49546 0.415686 0.0133804 0.0234818 3228
2 0.437606 0.475055 0.0490023 0.0445335 3229
