2 0.36555 0.43357 0.02227 0.0234077 2951
2 0.389933 0.42811 0.0254025 0.0256259 2961
2 0.345386 0.427746 0.0202598 0.0252228 3077
2 0.660393 0.461845 0.0640044 0.038897 3145
2 0.710557 0.446604 0.0548713 0.0360752 3153
2 0.710648 0.429816 0.0531755 0.0219961 3160
2 0.39072 0.39114 0.0105939 0.0106884 3177
2 0.819929 0.468803 0.0714343 0.0467096 3187
2 0.983792 0.686917 0.124694 0.10891 3190
2 0.450443 0.437582 0.0348097 0.0320767 3203
2 0.412128 0.398989 0.0129217 0.0141747 3207
2 0.446149 0.408614 0.0147203 0.0183776 3210
2 0.560839 0.707498 0.13022 0.125111 3212
