2 0.367146 0.432728 0.0229682 0.0242668 2951
2 0.390356 0.427671 0.0252244 0.0255077 2961
2 0.346875 0.427183 0.0195113 0.0245947 3077
2 0.661107 0.46082 0.0652337 0.039623 3145
2 0.712005 0.446018 0.0540617 0.0355096 3153
2 0.711314 0.428644 0.0522767 0.0216047 3160
2 0.82132 0.467966 0.0769899 0.0476143 3187
2 0.963289 0.70607 0.13388 0.110093 3212
2 0.464494 0.415934 0.0182788 0.0244435 3227
2 0.490193 0.410115 0.0126023 0.0215262 3228
2 0.463834 0.456475 0.0422003 0.0385704 3229
2 0.0917388 0.813285 0.140302 0.135734 3231
