2 0.365571 0.433147 0.0221738 0.0233773 2951
2 0.388523 0.428015 0.0251293 0.0254482 2961
2 0.344906 0.427529 0.0194845 0.0248801 3077
2 0.659666 0.460296 0.0652119 0.0397133 3145
2 0.709917 0.445333 0.0542192 0.0354333 3153
2 0.709539 0.428026 0.0502111 0.0206216 3160
2 0.819843 0.467055 0.0780824 0.0474568 3187
2 0.453303 0.40634 0.0178512 0.023834 3227
2 0.4753 0.405076 0.0124297 0.0189269 3228
2 0.489668 0.431997 0.0326864 0.0319191 3229
2 0.312823 0.757073 0.174516 0.159933 3231
2 0.985971 0.503896 0.01695 0.0341395 3232
