2 0.365791 0.433637 0.0228521 0.0240867 2951
2 0.388801 0.428833 0.0250491 0.0251553 2961
2 0.3448 0.42779 0.019668 0.0250582 3077
2 0.659878 0.461694 0.0644215 0.0393535 3145
2 0.710221 0.446904 0.0551427 0.0359892 3153
2 0.709856 0.430453 0.0540734 0.0224587 3160
2 0.82047 0.469149 0.0796057 0.0469703 3187
2 0.407186 0.399024 0.0124265 0.0132061 3227
2 0.436554 0.39638 0.0146479 0.0155361 3228
2 0.964468 0.502389 0.0472732 0.0476083 3232
2 0.430156 0.736893 0.20676 0.147827 3237
2 0.467031 0.405091 0.014297 0.0182619 3236
