2 0.365638 0.433437 0.0223002 0.0236073 2951
2 0.388994 0.428515 0.0249563 0.0250758 2961
2 0.344812 0.427561 0.0195229 0.0249022 3077
2 0.659958 0.461232 0.0643977 0.039311 3145
2 0.710671 0.44636 0.0550726 0.0359643 3153
2 0.709673 0.429047 0.0530107 0.0220044 3160
2 0.820882 0.468682 0.0791288 0.0466078 3187
2 0.403931 0.398846 0.0113563 0.0115642 3227
2 0.433469 0.39635 0.0135743 0.0140878 3228
2 0.964641 0.498485 0.0439956 0.0412142 3232
2 0.491977 0.723961 0.203947 0.147259 3237
2 0.463369 0.403304 0.0143044 0.0180769 3236
2 0.07798 0.820586 0.117645 0.138727 3239
