2 0.365473 0.433451 0.0221772 0.023655 2951
2 0.389257 0.428414 0.0250773 0.0252465 2961
2 0.34469 0.427561 0.0197659 0.0250263 3077
2 0.660065 0.461066 0.0643309 0.0392179 3145
2 0.71109 0.446037 0.0547719 0.0357727 3153
2 0.709975 0.428457 0.0519958 0.021563 3160
2 0.821115 0.468097 0.0793095 0.0466564 3187
2 0.400749 0.397428 0.0127721 0.0128267 3227
2 0.431019 0.396131 0.0131131 0.0132959 3228
2 0.96504 0.493443 0.0391351 0.0332918 3232
2 0.540535 0.711973 0.198314 0.146026 3237
2 0.459995 0.401736 0.0143042 0.0178487 3236
2 0.107916 0.816035 0.137664 0.160275 3239
2 0.970016 0.515702 0.0377666 0.0527459 3241
