2 0.366106 0.432465 0.0225439 0.0235715 2951
2 0.389385 0.427674 0.0249454 0.0250282 2961
2 0.345074 0.426814 0.0193695 0.0246883 3077
2 0.660061 0.460305 0.0648441 0.0396049 3145
2 0.710677 0.44549 0.0544451 0.0355002 3153
2 0.710253 0.428161 0.0512011 0.0212141 3160
2 0.820701 0.468013 0.0788491 0.0467388 3187
2 0.41853 0.398941 0.0137471 0.0158793 3227
2 0.44561 0.397436 0.0127936 0.0142844 3228
2 0.965948 0.499982 0.0382058 0.0452084 3232
2 0.225474 0.777655 0.204533 0.144383 3237
2 0.478359 0.408079 0.0148287 0.0195 3236
