2 0.365509 0.433336 0.0229619 0.0240676 2951
2 0.388651 0.428563 0.0251281 0.0251686 2961
2 0.344804 0.427717 0.0195806 0.0250358 3077
2 0.659726 0.461194 0.0652472 0.0399455 3145
2 0.709824 0.446606 0.0548534 0.0357454 3153
2 0.709519 0.429162 0.0520393 0.0215699 3160
2 0.820019 0.468976 0.078323 0.0462953 3187
2 0.413811 0.399565 0.0131514 0.0148467 3227
2 0.441916 0.397935 0.0131494 0.0142917 3228
2 0.964758 0.501284 0.0408919 0.045389 3232
2 0.289136 0.760307 0.190657 0.134649 3237
2 0.47406 0.407864 0.0147251 0.0192226 3236
