2 0.365752 0.432657 0.0219007 0.0233884 2951
2 0.389184 0.427365 0.0249074 0.0249192 2961
2 0.345122 0.426946 0.0199565 0.0246985 3077
2 0.660085 0.460049 0.0650271 0.0395263 3145
2 0.710663 0.445153 0.0543426 0.0352459 3153
2 0.709665 0.427793 0.051143 0.0209668 3160
2 0.821881 0.459703 0.061868 0.0316496 3187
2 0.380966 0.391026 0.0143849 0.0150601 3227
2 0.4162 0.393173 0.0139272 0.0123378 3228
2 0.435909 0.395754 0.0131745 0.0146625 3236
2 0.812954 0.484611 0.0579691 0.0552473 3241
2 0.96571 0.499648 0.0595299 0.0462813 3232
