2 0.365989 0.433105 0.0219475 0.0234038 2951
2 0.389215 0.42815 0.0250637 0.0251668 2961
2 0.345243 0.427358 0.0202875 0.0251453 3077
2 0.660144 0.460599 0.0645354 0.0391812 3145
2 0.710792 0.445479 0.0543807 0.0353758 3153
2 0.710025 0.428193 0.0514329 0.0212062 3160
2 0.820285 0.462328 0.0667009 0.0373707 3187
2 0.383989 0.392762 0.0141955 0.0147173 3227
2 0.419915 0.394355 0.0131205 0.0117236 3228
2 0.912782 0.680253 0.166113 0.12407 3237
2 0.441498 0.397127 0.0131078 0.0149466 3236
2 0.846792 0.490868 0.0538509 0.0567271 3241
2 0.966536 0.499791 0.0574621 0.0464541 3232
