2 0.366473 0.432569 0.022906 0.024498 2951
2 0.389167 0.428094 0.0250883 0.0252215 2961
2 0.345042 0.427333 0.0200741 0.0248871 3077
2 0.660122 0.460275 0.0647975 0.039342 3145
2 0.710743 0.445383 0.0544585 0.035354 3153
2 0.709758 0.42802 0.0510508 0.0209908 3160
2 0.824433 0.460159 0.0622327 0.0328789 3187
2 0.382177 0.391818 0.0146618 0.015347 3227
2 0.418056 0.394077 0.0131628 0.0116312 3228
2 0.954803 0.677059 0.149175 0.114116 3237
2 0.438633 0.396742 0.0128307 0.0143978 3236
2 0.828863 0.487561 0.0557912 0.0557312 3241
2 0.966001 0.499729 0.0584119 0.0462432 3232
