2 0.365753 0.433356 0.0222013 0.0237887 2951
2 0.38909 0.428533 0.0247812 0.0249684 2961
2 0.344691 0.427527 0.0201086 0.0250658 3077
2 0.660081 0.460977 0.0646381 0.0393975 3145
2 0.710721 0.446218 0.0547296 0.0357276 3153
2 0.709549 0.428679 0.0516495 0.0213895 3160
2 0.820884 0.468202 0.0797819 0.0468252 3187
2 0.39175 0.394896 0.0140642 0.01457 3227
2 0.423733 0.395404 0.0131101 0.0125205 3228
2 0.727694 0.690089 0.185564 0.140685 3237
2 0.450219 0.399189 0.013226 0.0157384 3236
2 0.262919 0.770535 0.168599 0.179717 3239
2 0.914594 0.505046 0.0492388 0.0613788 3241
2 0.976537 0.49981 0.0496992 0.0431185 3232
