2 0.365581 0.430445 0.0230129 0.0245941 2951
2 0.388589 0.425896 0.0252975 0.0250916 2961
2 0.344352 0.425212 0.0199269 0.0249197 3077
2 0.659325 0.456947 0.0654516 0.0398125 3145
2 0.710348 0.441614 0.0549407 0.0356044 3153
2 0.708567 0.424646 0.0510345 0.0206492 3160
2 0.831308 0.463977 0.077777 0.0472192 3187
2 0.76086 0.471594 0.0661506 0.0514508 3241
2 0.965286 0.496103 0.0637855 0.0459104 3232
2 0.20182 0.781414 0.145212 0.162419 3253
2 0.396322 0.494275 0.0632471 0.0503361 3254
2 0.920675 0.709938 0.241521 0.164148 3255
