2 0.365923 0.43005 0.0226231 0.0241999 2951
2 0.388599 0.425062 0.0255141 0.0254748 2961
2 0.344468 0.424428 0.0197313 0.0250823 3077
2 0.659655 0.456537 0.0645663 0.0392756 3145
2 0.71047 0.440695 0.0547766 0.0352812 3153
2 0.709291 0.424449 0.0523336 0.02145 3160
2 0.826557 0.463452 0.0730102 0.0467816 3187
2 0.753284 0.469572 0.0744903 0.0509595 3241
2 0.965472 0.489782 0.0523315 0.0331614 3232
2 0.658131 0.676467 0.141381 0.133539 3253
2 0.485907 0.435973 0.0340852 0.030144 3254
2 0.971235 0.516189 0.0314238 0.0465187 3258
