2 0.365954 0.429133 0.0224331 0.0238094 2951
2 0.388848 0.423895 0.0256807 0.025303 2961
2 0.344827 0.423275 0.0192563 0.0250882 3077
2 0.660209 0.455094 0.0639657 0.0386621 3145
2 0.710648 0.439078 0.0553253 0.0358205 3153
2 0.709849 0.422731 0.0532693 0.0225783 3160
2 0.826956 0.461307 0.0722932 0.0473935 3187
2 0.756344 0.46815 0.0802268 0.0509117 3241
2 0.96918 0.493633 0.0653477 0.0456549 3232
2 0.897621 0.499857 0.0731877 0.0521154 3258
2 0.478012 0.437193 0.0303226 0.0278398 3271
2 0.109825 0.605686 0.109445 0.0955335 3244
2 0.479111 0.401887 0.0111214 0.0186928 3265
