2 0.365708 0.429377 0.0227017 0.0241442 2951
2 0.388663 0.424354 0.0258081 0.0255032 2961
2 0.344358 0.423887 0.0192655 0.0250224 3077
2 0.65984 0.455496 0.0648806 0.0393097 3145
2 0.71035 0.439334 0.0557474 0.0360995 3153
2 0.709798 0.423701 0.0533335 0.0225175 3160
2 0.826517 0.462496 0.0717785 0.0469733 3187
2 0.755887 0.46883 0.0799501 0.050865 3241
2 0.968821 0.49472 0.0658503 0.045746 3232
2 0.897528 0.500688 0.0711638 0.0523309 3258
2 0.472767 0.444015 0.0332304 0.0300383 3271
2 0.0733033 0.6337 0.111013 0.100698 3244
2 0.481685 0.403372 0.0108624 0.0191227 3265
