2 0.365539 0.429276 0.0223564 0.0237771 2951
2 0.38934 0.423887 0.0250763 0.0246195 2961
2 0.344839 0.423519 0.0194518 0.0251479 3077
2 0.659764 0.455208 0.0646088 0.0391128 3145
2 0.710897 0.438877 0.0554963 0.035942 3153
2 0.709653 0.423015 0.0542223 0.0228668 3160
2 0.827082 0.46152 0.0718268 0.0469058 3187
2 0.755858 0.468339 0.0792712 0.0507657 3241
2 0.969325 0.494166 0.0658548 0.0453765 3232
2 0.900467 0.500671 0.0662949 0.0525003 3258
2 0.488018 0.406003 0.0105352 0.0193228 3265
2 0.455577 0.458193 0.0387832 0.03475 3271
