2 0.365917 0.429572 0.0228239 0.0243281 2951
2 0.38932 0.424549 0.0249091 0.0245345 2961
2 0.345443 0.424303 0.018971 0.0244942 3077
2 0.659802 0.455526 0.0652572 0.0393158 3145
2 0.710792 0.439395 0.0552394 0.0358261 3153
2 0.709849 0.423561 0.0517455 0.0220456 3160
2 0.8273 0.462695 0.0710774 0.0464275 3187
2 0.756499 0.468904 0.0807184 0.0509184 3241
2 0.969005 0.494319 0.0643169 0.0453074 3232
2 0.897993 0.500645 0.0785625 0.0517575 3258
2 0.243047 0.536517 0.0887432 0.0732769 3244
2 0.469946 0.399265 0.0122129 0.017714 3265
2 0.0662877 0.812233 0.0891131 0.122242 3281
