2 0.3657 0.429308 0.0224108 0.0238595 2951
2 0.388973 0.424055 0.025641 0.0252578 2961
2 0.345142 0.42349 0.0194543 0.0252034 3077
2 0.659884 0.455102 0.0647364 0.039273 3145
2 0.710865 0.438787 0.0556702 0.0360186 3153
2 0.709832 0.422958 0.053576 0.0224761 3160
2 0.82701 0.461428 0.0721095 0.0471231 3187
2 0.75576 0.468288 0.0790012 0.0507942 3241
2 0.969053 0.494004 0.0660023 0.045171 3232
2 0.902778 0.501041 0.0634736 0.0524837 3258
2 0.0737003 0.682258 0.103795 0.0990142 3244
2 0.490574 0.407509 0.0101652 0.0193557 3265
