2 0.366562 0.428832 0.0238416 0.0251456 2951
2 0.388976 0.423793 0.0248918 0.0246876 2961
2 0.345241 0.424156 0.0190748 0.0245259 3077
2 0.659671 0.45486 0.0655689 0.0398047 3145
2 0.710338 0.439117 0.0552272 0.0357003 3153
2 0.709132 0.42317 0.051834 0.0221556 3160
2 0.826327 0.461596 0.0708989 0.046433 3187
2 0.756254 0.46834 0.0812585 0.050818 3241
2 0.968297 0.49388 0.0641442 0.0451769 3232
2 0.898388 0.500222 0.0866044 0.0517877 3258
2 0.392984 0.460118 0.0553118 0.0461358 3244
2 0.450987 0.394718 0.013359 0.0156084 3265
2 0.292539 0.752369 0.148082 0.165218 3281
2 0.467093 0.448675 0.0423045 0.0326552 3282
2 0.488887 0.408438 0.014486 0.0188703 3284
