2 0.365796 0.429682 0.0229838 0.0243049 2951
2 0.388504 0.424597 0.0259847 0.0257855 2961
2 0.344633 0.424083 0.0199047 0.0256201 3077
2 0.659915 0.455529 0.0654571 0.0396509 3145
2 0.710234 0.439829 0.0543352 0.0351249 3153
2 0.709259 0.423518 0.0516841 0.0221085 3160
2 0.826421 0.462376 0.0710008 0.0464604 3187
2 0.756058 0.468887 0.0811375 0.0509046 3241
2 0.96747 0.494478 0.0642352 0.0452326 3232
2 0.897883 0.500792 0.0846256 0.0519141 3258
2 0.357148 0.479107 0.0643436 0.0529721 3244
2 0.456708 0.39626 0.0130695 0.0161749 3265
2 0.213094 0.774166 0.139851 0.168824 3281
2 0.443485 0.464448 0.0501423 0.0382094 3282
