2 0.365355 0.429283 0.0227702 0.0238703 2951
2 0.388278 0.424255 0.0257923 0.0255417 2961
2 0.344723 0.423956 0.0194243 0.0249836 3077
2 0.659405 0.454955 0.0649366 0.0393635 3145
2 0.709927 0.438761 0.0553528 0.0358085 3153
2 0.708916 0.422716 0.0509281 0.0217428 3160
2 0.826267 0.461501 0.0717398 0.0470649 3187
2 0.755531 0.468069 0.0818855 0.0511837 3241
2 0.967241 0.493823 0.0644736 0.0452795 3232
2 0.898218 0.500279 0.0888851 0.0515401 3258
2 0.429922 0.440652 0.0454972 0.0391826 3244
2 0.442747 0.393041 0.0137484 0.0149982 3265
2 0.36698 0.732672 0.160913 0.162409 3281
2 0.487076 0.431815 0.033014 0.0271992 3282
2 0.480546 0.403726 0.0132723 0.016987 3284
