2 0.364685 0.430319 0.0229927 0.024023 2951
2 0.387466 0.425144 0.0253661 0.0249941 2961
2 0.344075 0.424497 0.0194973 0.0250279 3077
2 0.658847 0.456197 0.0646977 0.039216 3145
2 0.709061 0.440289 0.0543786 0.0350718 3153
2 0.708372 0.424111 0.0512394 0.0217706 3160
2 0.824855 0.462547 0.0712034 0.0467795 3187
2 0.754532 0.469522 0.0812808 0.0506826 3241
2 0.966495 0.494978 0.0649897 0.045304 3232
2 0.896886 0.501462 0.0911664 0.0514443 3258
2 0.455934 0.425384 0.0342361 0.0318377 3244
2 0.434157 0.393174 0.0139016 0.0144264 3265
2 0.415779 0.723756 0.173459 0.157476 3281
2 0.469489 0.400953 0.0124813 0.0149098 3284
2 0.496798 0.420212 0.0126459 0.0223134 3285
