2 0.365243 0.429189 0.0227796 0.0237363 2951
2 0.388198 0.423654 0.0262048 0.0254861 2961
2 0.344358 0.423216 0.0201579 0.025702 3077
2 0.659123 0.454374 0.0640909 0.0390825 3145
2 0.709907 0.438291 0.0551322 0.0355272 3153
2 0.709203 0.422715 0.05431 0.0229986 3160
2 0.825902 0.460673 0.070675 0.0466708 3187
2 0.755776 0.46757 0.081478 0.0505714 3241
2 0.967505 0.492794 0.0655186 0.0453269 3232
2 0.89855 0.499423 0.0941876 0.0513613 3258
2 0.425843 0.391304 0.0127935 0.0127467 3265
2 0.487083 0.401184 0.0112861 0.0167942 3285
2 0.451324 0.40205 0.0184964 0.0259346 3286
