2 0.367848 0.429871 0.0235763 0.0245965 2951
2 0.39139 0.424756 0.0260911 0.0252669 2961
2 0.345085 0.423691 0.0196938 0.0251187 3077
2 0.652313 0.453441 0.0623346 0.0378605 3145
2 0.702029 0.437663 0.054283 0.0352399 3153
2 0.714381 0.42565 0.0601973 0.0277738 3160
2 0.820853 0.459473 0.0683629 0.046443 3187
2 0.754985 0.467741 0.0817239 0.0507348 3241
2 0.969118 0.493028 0.064101 0.044701 3232
2 0.899265 0.499919 0.0960417 0.0517668 3258
2 0.472635 0.397324 0.0140498 0.0147765 3285
2 0.423527 0.39615 0.015711 0.0190435 3286
