2 0.388217 0.436691 0.0270997 0.0294238 2951
2 0.414463 0.431493 0.0302426 0.0298098 2961
2 0.347077 0.424829 0.0209487 0.025598 3077
2 0.626032 0.449765 0.0584152 0.0356882 3145
2 0.620462 0.423643 0.0382733 0.0250578 3153
2 0.671876 0.423059 0.0494336 0.0309402 3160
2 0.762667 0.447536 0.0529561 0.0386232 3187
2 0.739275 0.465639 0.0800332 0.0499801 3241
2 0.961938 0.491329 0.068449 0.0451896 3232
2 0.893722 0.49961 0.0962846 0.0516481 3258
2 0.459685 0.396173 0.0173454 0.0144706 3285
2 0.389414 0.390659 0.0137814 0.0155759 3286
2 0.44286 0.394047 0.0142529 0.0129524 3287
2 0.360649 0.417885 0.0180043 0.01729 3288
2 0.845423 0.443819 0.0892583 0.0610339 3289
