2 0.373262 0.429253 0.0272348 0.0288924 2951
2 0.396808 0.426161 0.027254 0.02654 2961
2 0.345501 0.423806 0.0202286 0.0255672 3077
2 0.644028 0.451631 0.0616127 0.0377441 3145
2 0.677819 0.434178 0.0500378 0.0328044 3153
2 0.70832 0.428059 0.0623878 0.0339624 3160
2 0.810009 0.457062 0.0640519 0.0454234 3187
2 0.750404 0.46734 0.0812363 0.0504898 3241
2 0.96629 0.493473 0.0651002 0.0449938 3232
2 0.898446 0.500252 0.0954911 0.0512329 3258
2 0.466067 0.396703 0.0158091 0.0148126 3285
2 0.408945 0.393994 0.0145898 0.016682 3286
2 0.444575 0.393329 0.0151421 0.0139115 3287
