2 0.377425 0.432521 0.0250449 0.0266081 2951
2 0.401883 0.42817 0.0277332 0.0271394 2961
2 0.345422 0.424094 0.0196322 0.0245441 3077
2 0.638607 0.452021 0.0599819 0.0365265 3145
2 0.661589 0.431841 0.0468096 0.0312867 3153
2 0.699115 0.426906 0.057762 0.0336076 3160
2 0.80006 0.455157 0.0628757 0.0455987 3187
2 0.747526 0.467124 0.0805834 0.050147 3241
2 0.966466 0.493574 0.0652265 0.0448621 3232
2 0.897828 0.500515 0.0958921 0.0514187 3258
2 0.463869 0.396952 0.015739 0.0139754 3285
2 0.402412 0.393203 0.0140199 0.0158134 3286
2 0.44435 0.393725 0.0151082 0.0138753 3287
2 0.359163 0.417206 0.0172627 0.0166096 3288
