2 0.379578 0.433321 0.0261377 0.02803 2951
2 0.404841 0.428911 0.028387 0.0278385 2961
2 0.346019 0.424431 0.0197231 0.0244448 3077
2 0.635501 0.451507 0.0602334 0.0367008 3145
2 0.651491 0.429893 0.044364 0.0294427 3153
2 0.692592 0.426246 0.0558809 0.0333029 3160
2 0.792934 0.45412 0.0610749 0.0446588 3187
2 0.745752 0.466933 0.0805878 0.0501816 3241
2 0.965549 0.493476 0.0655359 0.0447683 3232
2 0.896965 0.500537 0.0960215 0.0514933 3258
2 0.462657 0.396895 0.0159829 0.0138692 3285
2 0.399113 0.392821 0.0136524 0.0152453 3286
2 0.443888 0.393829 0.0150078 0.0137718 3287
2 0.359198 0.417179 0.0170831 0.0164267 3288
