2 0.412535 0.446115 0.0303185 0.0333499 2951
2 0.441865 0.438999 0.035632 0.0349681 2961
2 0.354335 0.428644 0.0213906 0.0256174 3077
2 0.609458 0.449335 0.0552951 0.0348839 3145
2 0.571374 0.419833 0.0378178 0.0253472 3153
2 0.625926 0.418799 0.0423766 0.0274759 3160
2 0.692249 0.438344 0.0519436 0.0324315 3187
2 0.727127 0.4653 0.0770058 0.0485301 3241
2 0.923317 0.485096 0.0660643 0.0430317 3232
2 0.881337 0.499912 0.0936478 0.0500705 3258
2 0.456946 0.397252 0.0184665 0.0148719 3285
2 0.440432 0.395132 0.0147372 0.0134281 3287
2 0.366921 0.421399 0.0191781 0.0185823 3288
2 0.829306 0.444342 0.08655 0.0591964 3289
2 0.990291 0.486413 0.0170116 0.0313522 3290
2 0.39668 0.431265 0.0227519 0.0231296 3291
