2 0.418828 0.447271 0.0313101 0.0343738 2951
2 0.44937 0.440061 0.036696 0.0359055 2961
2 0.356636 0.42861 0.0218491 0.0261663 3077
2 0.606342 0.447835 0.0556725 0.0351094 3145
2 0.561422 0.417408 0.0368367 0.0248676 3153
2 0.61896 0.41633 0.040926 0.0267218 3160
2 0.680289 0.436808 0.054966 0.0344114 3187
2 0.72453 0.463595 0.076027 0.0478814 3241
2 0.913077 0.481101 0.0622669 0.0411952 3232
2 0.877796 0.497974 0.0938161 0.0501345 3258
2 0.456599 0.396744 0.0180851 0.0144092 3285
2 0.439746 0.394334 0.0147256 0.0133969 3287
2 0.368977 0.421285 0.0194646 0.0189952 3288
2 0.824362 0.442073 0.0881414 0.0604037 3289
2 0.98942 0.485133 0.0171428 0.0313035 3290
2 0.401086 0.431625 0.0234918 0.023818 3291
2 0.337069 0.421114 0.0176381 0.0227255 3292
