2 0.433337 0.453069 0.0333277 0.0361918 2951
2 0.464952 0.445246 0.0391046 0.0382806 2961
2 0.36249 0.431868 0.0234042 0.027886 3077
2 0.599707 0.448183 0.0551605 0.034733 3145
2 0.541555 0.415743 0.0344454 0.0236417 3153
2 0.601584 0.414779 0.0378823 0.0254204 3160
2 0.656228 0.433731 0.0534416 0.0344059 3187
2 0.718034 0.464003 0.0768246 0.0485568 3241
2 0.870256 0.497282 0.0916362 0.0489309 3258
2 0.455651 0.397638 0.0179683 0.0141173 3285
2 0.437756 0.395225 0.0146396 0.0133072 3287
2 0.373163 0.423252 0.0191768 0.0186231 3288
2 0.81139 0.440881 0.0849328 0.0581466 3289
2 0.986139 0.484302 0.0183928 0.0319931 3290
2 0.410085 0.435295 0.025214 0.025339 3291
2 0.339414 0.423378 0.0172592 0.0220368 3292
