2 0.396584 0.440421 0.0283532 0.0310888 2951
2 0.423735 0.434734 0.0319801 0.0314791 2961
2 0.348508 0.42656 0.0203816 0.0248026 3077
2 0.616805 0.44983 0.0564184 0.035552 3145
2 0.601611 0.423474 0.0405845 0.0268357 3153
2 0.653153 0.421734 0.0475151 0.030202 3160
2 0.731001 0.441102 0.0450017 0.0296759 3187
2 0.734414 0.465998 0.0791779 0.0495711 3241
2 0.952277 0.490296 0.0686657 0.0445543 3232
2 0.889606 0.500434 0.0945448 0.0506461 3258
2 0.458521 0.397326 0.0173464 0.0141222 3285
2 0.441721 0.394871 0.0148441 0.0134967 3287
2 0.362473 0.419741 0.0181989 0.0175137 3288
2 0.840098 0.444856 0.0894386 0.0612339 3289
