2 0.473655 0.466236 0.041307 0.0441803 2951
2 0.512191 0.455857 0.0487877 0.0475783 2961
2 0.377319 0.436074 0.0252754 0.0293873 3077
2 0.585983 0.446268 0.0545708 0.0343205 3145
2 0.504065 0.41027 0.0295205 0.0210607 3153
2 0.566406 0.40919 0.0344275 0.0244903 3160
2 0.603697 0.425021 0.0426399 0.0282861 3187
2 0.705346 0.461571 0.0742373 0.0470403 3241
2 0.850888 0.492915 0.0909692 0.0485006 3258
2 0.45393 0.39687 0.0183398 0.0142737 3285
2 0.431399 0.393301 0.0146555 0.0131287 3287
2 0.384783 0.426421 0.0225633 0.0216132 3288
2 0.973376 0.478276 0.0291772 0.0408254 3290
2 0.434431 0.440745 0.0291629 0.0283846 3291
2 0.344937 0.42481 0.0193486 0.0240162 3292
2 0.798473 0.461893 0.0904731 0.0362818 3293
2 0.328626 0.420017 0.012486 0.0161715 3294
