2 0.655437 0.52838 0.078146 0.0779569 2951
2 0.699814 0.505677 0.0827086 0.0769886 2961
2 0.43158 0.451724 0.0402226 0.0473139 3077
2 0.558539 0.440982 0.0519677 0.032861 3145
2 0.438114 0.402172 0.0217219 0.0167832 3153
2 0.511533 0.399816 0.0257773 0.0182778 3160
2 0.50599 0.410772 0.0337263 0.0234831 3187
2 0.678534 0.453458 0.0661289 0.043024 3241
2 0.804318 0.481957 0.0847645 0.0462699 3258
2 0.414801 0.391467 0.0122002 0.010057 3287
2 0.887228 0.461012 0.0534686 0.0418053 3290
2 0.527102 0.46387 0.0453995 0.0397507 3291
2 0.364772 0.430291 0.0246904 0.028216 3292
2 0.337866 0.423764 0.0145848 0.0178299 3294
2 0.32464 0.417804 0.0120188 0.0177752 3295
2 0.656807 0.434115 0.0575614 0.0264789 3293
