2 0.502337 0.47496 0.0487609 0.0519252 2951
2 0.542969 0.464404 0.054614 0.0527672 2961
2 0.387886 0.438088 0.0303102 0.0350863 3077
2 0.579918 0.445598 0.0547409 0.0346437 3145
2 0.486425 0.407548 0.0274462 0.0200058 3153
2 0.551659 0.40727 0.0329357 0.0237396 3160
2 0.575103 0.419707 0.0374144 0.0249378 3187
2 0.698554 0.460514 0.0735505 0.0468209 3241
2 0.839838 0.491229 0.0903556 0.0484749 3258
2 0.451894 0.396416 0.0182226 0.0141091 3285
2 0.427876 0.392716 0.013418 0.0118781 3287
2 0.391548 0.426042 0.0199513 0.0186201 3288
2 0.963387 0.478175 0.0375327 0.0440726 3290
2 0.451041 0.444782 0.0309756 0.0292823 3291
2 0.349404 0.425442 0.0202997 0.0249236 3292
2 0.762442 0.455633 0.0882006 0.0364239 3293
2 0.329526 0.420344 0.0121921 0.0157925 3294
