2 0.538662 0.439428 0.0493892 0.0315748 3145
2 0.467103 0.395803 0.0222221 0.0177171 3160
2 0.435641 0.402721 0.0242819 0.0182519 3187
2 0.646563 0.449054 0.0669188 0.0445266 3241
2 0.758198 0.473543 0.0783688 0.0440321 3258
2 0.776091 0.439728 0.0519987 0.0324155 3290
2 0.776084 0.531136 0.0946465 0.0722341 3291
2 0.357444 0.43216 0.0194454 0.0216613 3294
2 0.335178 0.421363 0.0149519 0.0204929 3295
2 0.544228 0.417844 0.0405095 0.0222735 3293
2 0.510716 0.459466 0.0421398 0.0381378 3298
2 0.40605 0.445114 0.0384541 0.0380387 3302
2 0.811885 0.459637 0.0678157 0.0442813 3232
