2 0.907279 0.556173 0.114588 0.0990751 2961
2 0.545438 0.440418 0.05013 0.031795 3145
2 0.411278 0.399311 0.0186179 0.0150117 3153
2 0.487871 0.398818 0.0246401 0.0189912 3160
2 0.46471 0.406342 0.0266325 0.0195412 3187
2 0.65968 0.453323 0.067583 0.0442783 3241
2 0.779093 0.47897 0.0819019 0.045199 3258
2 0.403678 0.389787 0.0122732 0.0102025 3287
2 0.824845 0.451638 0.055555 0.0379877 3290
2 0.617605 0.489983 0.0625578 0.0515602 3291
2 0.344945 0.427264 0.0162741 0.0186893 3294
2 0.326898 0.419017 0.0128438 0.0185102 3295
2 0.593405 0.426136 0.0503427 0.025385 3293
2 0.924403 0.481473 0.0523164 0.0496963 3297
2 0.455522 0.44517 0.0324678 0.030117 3298
