2 0.518496 0.437868 0.0446109 0.0291252 3145
2 0.633748 0.448656 0.0612635 0.041292 3241
2 0.720606 0.468166 0.0696958 0.0413009 3258
2 0.371718 0.435239 0.0214579 0.0260041 3295
2 0.572812 0.420475 0.0382135 0.0280196 3297
2 0.804881 0.451507 0.0436634 0.0344887 3304
2 0.392768 0.42673 0.0285227 0.0295102 3307
2 0.509889 0.457508 0.0464588 0.0446711 3288
2 0.632364 0.418507 0.0402818 0.0248173 3290
2 0.433354 0.405513 0.0232195 0.0158292 3293
2 0.451181 0.467436 0.0391587 0.0385465 3292
2 0.869005 0.471629 0.0582363 0.0491099 3311
2 0.334453 0.424267 0.0169117 0.0159871 3313
