2 0.526006 0.439 0.0482962 0.0310384 3145
2 0.437235 0.392097 0.0187954 0.0157651 3160
2 0.397499 0.398239 0.0197873 0.0158444 3187
2 0.634548 0.447499 0.0620314 0.0423572 3241
2 0.73024 0.469395 0.0726178 0.0422689 3258
2 0.352223 0.428039 0.0186495 0.0237278 3295
2 0.708973 0.517803 0.0776767 0.0635905 3298
2 0.662492 0.432457 0.0415703 0.0325881 3297
2 0.49148 0.473212 0.0607367 0.0588048 3302
2 0.923084 0.470688 0.0418526 0.0400777 3304
2 0.371066 0.42063 0.0230961 0.0240429 3307
2 0.444915 0.440881 0.035317 0.0337369 3288
2 0.698865 0.428697 0.0499365 0.0305725 3290
2 0.472874 0.409448 0.0299044 0.0186636 3293
2 0.399454 0.44853 0.0261742 0.0284514 3292
