2 0.533792 0.439573 0.0486919 0.031147 3145
2 0.453912 0.394867 0.0204548 0.0165115 3160
2 0.417374 0.401548 0.0215755 0.0164749 3187
2 0.640254 0.448923 0.0662962 0.0449628 3241
2 0.745341 0.472709 0.0761866 0.0435168 3258
2 0.740507 0.429845 0.0414969 0.0230666 3290
2 0.371716 0.437821 0.0216399 0.0232489 3294
2 0.341462 0.424489 0.0160392 0.0213285 3295
2 0.511697 0.414756 0.0356765 0.020801 3293
2 0.572671 0.47831 0.0537516 0.0472035 3298
2 0.954804 0.578852 0.0859677 0.0726077 2951
2 0.738638 0.444027 0.043246 0.0344425 3297
2 0.435262 0.454447 0.0460041 0.0453397 3302
