2 0.51355 0.436412 0.0428471 0.0294311 3145
2 0.634175 0.447937 0.0611646 0.0412482 3241
2 0.718895 0.467243 0.0691356 0.0418328 3258
2 0.450553 0.459556 0.0385925 0.0423852 3295
2 0.461075 0.405341 0.0249927 0.0197348 3297
2 0.487189 0.449694 0.047229 0.0464271 3307
2 0.532781 0.405716 0.0321379 0.0218552 3290
2 0.378254 0.39882 0.015852 0.0126686 3293
2 0.615544 0.425849 0.0347363 0.024627 3311
2 0.363991 0.434392 0.0218125 0.0209411 3313
2 0.338532 0.422387 0.0177737 0.0211277 3315
2 0.811203 0.451592 0.0462124 0.0352746 3317
2 0.980646 0.512544 0.024203 0.0486857 3318
2 0.400026 0.42787 0.0268942 0.0276752 3320
2 0.322613 0.417089 0.0137724 0.015117 3323
