2 0.511314 0.437421 0.0456929 0.0303023 3145
2 0.634007 0.4472 0.0628328 0.042478 3241
2 0.718561 0.467634 0.0686522 0.0412782 3258
2 0.418234 0.449959 0.0307366 0.0347206 3295
2 0.488225 0.408011 0.0298071 0.0231364 3297
2 0.447031 0.439666 0.0395273 0.0398881 3307
2 0.558242 0.40897 0.0358426 0.0237552 3290
2 0.391032 0.39999 0.0180324 0.0138226 3293
2 0.680526 0.4348 0.0502406 0.0372759 3311
2 0.352667 0.430499 0.0202362 0.0194068 3313
2 0.332718 0.420723 0.0160299 0.0191739 3315
2 0.890045 0.465516 0.0461186 0.0393283 3317
2 0.985028 0.515836 0.0197433 0.0444153 3318
2 0.383281 0.423742 0.024115 0.0248325 3320
2 0.713669 0.512551 0.0816779 0.0737875 3302
2 0.317261 0.415656 0.0131029 0.0143868 3323
