2 0.513332 0.437554 0.0462171 0.0300686 3145
2 0.63409 0.447565 0.0624286 0.0419773 3241
2 0.718244 0.467386 0.0690919 0.0411487 3258
2 0.388122 0.440328 0.0244725 0.0287734 3295
2 0.531852 0.413999 0.0343847 0.025604 3297
2 0.743533 0.438406 0.0394825 0.0278098 3304
2 0.411164 0.430883 0.0319842 0.032753 3307
2 0.599493 0.414588 0.0389397 0.0245989 3290
2 0.413142 0.402281 0.0217839 0.0156879 3293
2 0.506252 0.488112 0.0509048 0.0479309 3292
2 0.777441 0.454661 0.0539302 0.0427986 3311
2 0.341801 0.425917 0.018075 0.0171966 3313
2 0.324407 0.417306 0.0150293 0.0183053 3315
2 0.974575 0.479433 0.0368821 0.034982 3317
2 0.99124 0.514951 0.0151598 0.0361353 3318
2 0.582293 0.47735 0.0606345 0.0582045 3302
