2 0.512867 0.437507 0.0403903 0.029027 3145
2 0.634326 0.448961 0.0609996 0.0406305 3241
2 0.718832 0.468031 0.0683342 0.0412289 3258
2 0.469849 0.398392 0.0218095 0.0163427 3290
2 0.420686 0.454282 0.0336576 0.0309044 3313
2 0.370403 0.434349 0.0230284 0.0265043 3315
2 0.64359 0.422544 0.037553 0.0239009 3317
2 0.967296 0.50677 0.0424412 0.0542798 3318
2 0.492574 0.451899 0.0434114 0.0435451 3320
2 0.344386 0.426296 0.0169165 0.0177641 3323
2 0.407173 0.428823 0.0301749 0.0278716 3332
2 0.0437265 0.829692 0.045311 0.0917054 3335
2 0.538743 0.409133 0.0244162 0.0195596 3338
2 0.888423 0.47911 0.0864947 0.0416361 3339
2 0.65972 0.530654 0.0878201 0.080229 3307
