2 0.510925 0.43819 0.0434265 0.0306161 3145
2 0.634667 0.447307 0.0609908 0.0409235 3241
2 0.719285 0.468388 0.0682433 0.0416602 3258
2 0.557566 0.497156 0.0605061 0.0629654 3295
2 0.489707 0.400753 0.0257651 0.0187874 3290
2 0.358154 0.396713 0.012472 0.0108659 3293
2 0.518949 0.414734 0.0334763 0.02353 3311
2 0.3962 0.446508 0.0284461 0.0267685 3313
2 0.357606 0.430062 0.0206798 0.0242067 3315
2 0.688186 0.430884 0.0426876 0.0276484 3317
2 0.972563 0.507144 0.0362176 0.0548995 3318
2 0.451109 0.441335 0.036344 0.0369846 3320
2 0.33575 0.423117 0.0158378 0.0170402 3323
2 0.389315 0.423783 0.0263888 0.0242276 3332
2 0.0261934 0.839922 0.0397407 0.0886162 3335
2 0.568903 0.413166 0.0254757 0.0206888 3338
2 0.645369 0.494986 0.0807652 0.0734766 3288
