2 0.510426 0.438555 0.0431417 0.0300912 3145
2 0.633889 0.449139 0.0622459 0.0418226 3241
2 0.718441 0.469531 0.068366 0.0416468 3258
2 0.512293 0.482086 0.0511372 0.0543513 3295
2 0.569055 0.473853 0.0661495 0.0630293 3307
2 0.501626 0.403478 0.0276946 0.0195669 3290
2 0.363556 0.397849 0.0141645 0.0121466 3293
2 0.54785 0.419572 0.037234 0.0260778 3311
2 0.383939 0.44288 0.0259836 0.0247258 3313
2 0.349892 0.428315 0.0197685 0.0233495 3315
2 0.723111 0.438329 0.044659 0.0301585 3317
2 0.975784 0.510421 0.0313995 0.0525002 3318
2 0.429848 0.437236 0.0321472 0.0329315 3320
2 0.330054 0.422259 0.0145171 0.0157976 3323
2 0.378672 0.421924 0.023877 0.021917 3332
