2 0.513241 0.437147 0.037101 0.027173 3145
2 0.63412 0.449281 0.0633493 0.0425704 3241
2 0.719339 0.468843 0.0655204 0.0395905 3258
2 0.569106 0.506027 0.0675311 0.057025 3313
2 0.436394 0.456074 0.0366721 0.0394672 3315
2 0.538993 0.409882 0.0315011 0.0197004 3317
2 0.927323 0.498488 0.0752312 0.0603763 3318
2 0.381425 0.44088 0.0249371 0.0245648 3323
2 0.503957 0.454385 0.0484665 0.0451273 3332
2 0.108291 0.81335 0.125083 0.134958 3335
2 0.468582 0.400337 0.0192207 0.0149348 3338
2 0.660147 0.434725 0.0538399 0.0284839 3339
2 0.756382 0.440979 0.0566778 0.0371904 3341
2 0.0821736 0.666851 0.0647731 0.109359 3348
2 0.412896 0.432036 0.031571 0.0324199 3349
2 0.344896 0.425761 0.0177979 0.021662 3352
2 0.809147 0.535497 0.109729 0.0914705 3288
