2 0.510871 0.439143 0.0424526 0.0306996 3145
2 0.634245 0.449111 0.0618893 0.041422 3241
2 0.719158 0.46957 0.0676652 0.0412275 3258
2 0.520532 0.487922 0.0583927 0.0504077 3313
2 0.416198 0.450136 0.0321828 0.035277 3315
2 0.558627 0.412715 0.0325041 0.0203056 3317
2 0.943761 0.503074 0.0720811 0.0633701 3318
2 0.370828 0.437169 0.0222671 0.0221315 3323
2 0.474175 0.446259 0.0435756 0.0411529 3332
2 0.0945382 0.820879 0.107752 0.134295 3335
2 0.48209 0.402378 0.0203012 0.0157907 3338
2 0.693119 0.441443 0.0610936 0.0302719 3339
2 0.804064 0.449243 0.0608676 0.0405014 3341
2 0.0485358 0.690039 0.0515806 0.0960331 3348
2 0.397954 0.427399 0.0284778 0.0293465 3349
2 0.696806 0.50954 0.0778983 0.076607 3295
