2 0.51122 0.438562 0.0415676 0.0301103 3145
2 0.634603 0.449463 0.0634642 0.0426369 3241
2 0.719112 0.469507 0.0677198 0.0411294 3258
2 0.694946 0.542621 0.0906459 0.0864579 3315
2 0.457899 0.399147 0.0208602 0.0140177 3317
2 0.76683 0.461214 0.068479 0.0454385 3318
2 0.504667 0.482191 0.049967 0.045399 3323
2 0.186648 0.789027 0.184985 0.13395 3335
2 0.417652 0.393506 0.0139341 0.0106933 3338
2 0.498338 0.411099 0.0321783 0.019434 3339
2 0.583102 0.41305 0.0372572 0.0252654 3341
2 0.275999 0.562774 0.0775976 0.0767073 3348
2 0.403512 0.445004 0.0284432 0.0325571 3352
2 0.35177 0.429417 0.0211194 0.0270447 3354
2 0.692302 0.432531 0.0541518 0.0282847 3359
2 0.380632 0.424496 0.0259415 0.0262359 3360
2 0.32033 0.415159 0.0138439 0.0209147 3361
2 0.95447 0.570126 0.108594 0.0925594 3288
