2 0.511193 0.438513 0.0413056 0.0302508 3145
2 0.634476 0.449587 0.0642461 0.0434406 3241
2 0.718938 0.468957 0.070126 0.0424719 3258
2 0.510755 0.480576 0.0519132 0.0539287 3315
2 0.498544 0.404151 0.0258454 0.0167123 3317
2 0.862471 0.483408 0.0814156 0.0573819 3318
2 0.420091 0.453072 0.0330831 0.0316193 3323
2 0.627045 0.487929 0.0723354 0.0652836 3332
2 0.159539 0.796817 0.162292 0.135281 3335
2 0.441566 0.396259 0.0168981 0.0131103 3338
2 0.56826 0.421569 0.0434377 0.0235749 3339
2 0.666296 0.424228 0.0473017 0.0312183 3341
2 0.197361 0.60517 0.0729264 0.0900886 3348
2 0.366064 0.432395 0.0217721 0.0260653 3352
2 0.331874 0.42165 0.0167105 0.0218452 3354
2 0.805363 0.579378 0.109098 0.0929664 3307
2 0.463054 0.445301 0.0406835 0.041536 3349
