2 0.511413 0.436823 0.0373116 0.0268779 3145
2 0.634556 0.449127 0.0626807 0.0418942 3241
2 0.719099 0.468876 0.0687362 0.04166 3258
2 0.614227 0.515402 0.0731874 0.072346 3315
2 0.469775 0.400696 0.022554 0.0149702 3317
2 0.79579 0.468518 0.0731672 0.0481191 3318
2 0.4697 0.470061 0.0432009 0.0399072 3323
2 0.185921 0.790262 0.180106 0.135413 3335
2 0.424618 0.394387 0.0151144 0.0117316 3338
2 0.518212 0.414223 0.0345729 0.0198868 3339
2 0.609223 0.416069 0.0397821 0.0267802 3341
2 0.255653 0.57414 0.0779814 0.0816675 3348
2 0.389055 0.440294 0.0258495 0.0301018 3352
2 0.343954 0.427247 0.0189497 0.0244128 3354
2 0.535467 0.463664 0.0561163 0.0540004 3349
2 0.739019 0.43967 0.0583633 0.0302106 3359
2 0.370808 0.421913 0.0242213 0.0245399 3360
2 0.850756 0.544636 0.106775 0.0950776 3295
