2 0.511429 0.438809 0.041846 0.0303767 3145
2 0.634633 0.449401 0.0648489 0.0437763 3241
2 0.71945 0.469197 0.0693619 0.0423377 3258
2 0.452284 0.398104 0.0204825 0.0138639 3317
2 0.746251 0.456459 0.0651805 0.0428458 3318
2 0.525981 0.489728 0.0545431 0.0491306 3323
2 0.186891 0.789549 0.18746 0.133596 3335
2 0.413814 0.39272 0.013787 0.0106707 3338
2 0.488405 0.409303 0.0312984 0.0192764 3339
2 0.570929 0.411596 0.0356316 0.0245178 3341
2 0.284512 0.558054 0.0779667 0.0753113 3348
2 0.412036 0.447381 0.0302328 0.0343384 3352
2 0.356578 0.431011 0.02209 0.0282168 3354
2 0.672772 0.428847 0.0506504 0.0266262 3359
2 0.386945 0.426062 0.0271427 0.027395 3360
2 0.322666 0.418095 0.012208 0.0182933 3361
2 0.968299 0.479971 0.0523671 0.0406724 3353
2 0.771504 0.560889 0.112877 0.0969754 3332
