2 0.511327 0.43903 0.0423778 0.0309866 3145
2 0.634219 0.449472 0.0617423 0.0414047 3241
2 0.720172 0.468791 0.0651387 0.039676 3258
2 0.441371 0.39732 0.0177011 0.0120057 3317
2 0.708058 0.446397 0.0527121 0.0328496 3318
2 0.577671 0.509133 0.0655308 0.057731 3323
2 0.186036 0.789801 0.193305 0.134254 3335
2 0.406699 0.391949 0.0130523 0.0102522 3338
2 0.470411 0.407307 0.0269457 0.0170516 3339
2 0.551293 0.409353 0.0328999 0.0228814 3341
2 0.297611 0.550771 0.0776917 0.0721149 3348
2 0.431681 0.453705 0.0334231 0.0370756 3352
2 0.367001 0.434613 0.0238522 0.0300886 3354
2 0.636923 0.422475 0.0403784 0.02134 3359
2 0.399648 0.429616 0.0290922 0.0291105 3360
2 0.32715 0.421836 0.0112446 0.0163242 3361
2 0.90671 0.604544 0.145847 0.113483 3313
