2 0.511398 0.438399 0.042354 0.0308713 3145
2 0.634468 0.448666 0.0615103 0.0412983 3241
2 0.719423 0.469264 0.0693807 0.0424383 3258
2 0.446657 0.397042 0.0194421 0.0132359 3317
2 0.726897 0.449778 0.056035 0.0357192 3318
2 0.550059 0.498463 0.0597251 0.0532535 3323
2 0.186447 0.789174 0.190284 0.133736 3335
2 0.410149 0.391869 0.0134253 0.0104687 3338
2 0.479082 0.407637 0.028101 0.0174787 3339
2 0.561195 0.410018 0.034564 0.0239309 3341
2 0.29146 0.553473 0.077584 0.0733428 3348
2 0.421316 0.449741 0.0321935 0.0362447 3352
2 0.361678 0.432293 0.0229943 0.029203 3354
2 0.654668 0.425543 0.0468265 0.0247648 3359
2 0.392887 0.427164 0.028533 0.0287391 3360
2 0.325493 0.419849 0.0111028 0.0163509 3361
2 0.950702 0.476462 0.0550775 0.0405251 3353
2 0.816144 0.577504 0.123347 0.103926 3332
