2 0.729649 0.470146 0.0633384 0.0398985 3258
2 0.469695 0.411086 0.0305899 0.0215844 3318
2 0.183933 0.79067 0.210885 0.133458 3335
2 0.429372 0.395052 0.0180416 0.0145772 3341
2 0.325128 0.535462 0.0807836 0.0656274 3348
2 0.454829 0.400388 0.0209573 0.0142122 3359
2 0.696898 0.546421 0.11931 0.103849 3360
2 0.44239 0.460997 0.0358661 0.0364993 3361
2 0.912557 0.501239 0.0659489 0.0573051 3368
2 0.365693 0.435755 0.0224903 0.0269108 3369
2 0.537056 0.410558 0.0328589 0.0194819 3373
2 0.430186 0.439072 0.0273117 0.0244755 3375
2 0.326452 0.420165 0.0162226 0.0214369 3379
2 0.379534 0.426746 0.0211751 0.0203165 3380
2 0.690101 0.432369 0.0531562 0.0274774 3382
2 0.511391 0.440205 0.0412398 0.0308758 3145
2 0.345848 0.417646 0.0143068 0.0157988 3384
2 0.818242 0.546209 0.107285 0.0972174 3352
2 0.635542 0.447914 0.0566934 0.0388362 3241
