2 0.517433 0.437119 0.0330175 0.0247413 3145
2 0.634182 0.451121 0.0611846 0.0412403 3241
2 0.718925 0.470614 0.0685045 0.0419208 3258
2 0.540215 0.421669 0.040525 0.027375 3318
2 0.183898 0.790498 0.207753 0.13385 3335
2 0.465808 0.399817 0.0225131 0.0171009 3341
2 0.325991 0.534639 0.0778521 0.0649054 3348
2 0.694257 0.542916 0.0913791 0.0883294 3352
2 0.478219 0.472508 0.0480869 0.0561627 3354
2 0.509646 0.407084 0.0276492 0.0173559 3359
2 0.533782 0.465877 0.0583547 0.0539815 3360
2 0.373196 0.439139 0.0198336 0.0229556 3361
2 0.955878 0.510701 0.0455374 0.0608697 3368
2 0.335494 0.424814 0.017247 0.0214273 3369
2 0.637335 0.423307 0.0404157 0.0220291 3373
2 0.379264 0.425361 0.0199934 0.0189697 3375
2 0.86396 0.462699 0.0745148 0.0364329 3377
2 0.310854 0.414476 0.012819 0.0181199 3379
