2 0.719475 0.470612 0.0665352 0.040178 3258
2 0.478996 0.412992 0.0314039 0.0218192 3318
2 0.183994 0.790962 0.210806 0.133704 3335
2 0.433357 0.395863 0.0194332 0.0155692 3341
2 0.325307 0.535523 0.0806165 0.0656638 3348
2 0.461845 0.401263 0.0220704 0.0149003 3359
2 0.657863 0.529551 0.107234 0.0933332 3360
2 0.42891 0.457083 0.0320006 0.0330057 3361
2 0.920109 0.50227 0.0633938 0.0576488 3368
2 0.359639 0.434151 0.0210147 0.025361 3369
2 0.548587 0.412419 0.0340791 0.0199465 3373
2 0.420882 0.436444 0.0262287 0.0237984 3375
2 0.324191 0.419353 0.0156576 0.0210214 3379
2 0.374156 0.425931 0.0200042 0.019183 3380
2 0.713158 0.436189 0.0553989 0.028571 3382
2 0.51145 0.440087 0.0411311 0.0307974 3145
2 0.343002 0.416772 0.0142292 0.0157397 3384
