2 0.369519 0.395158 0.013322 0.0120292 3318
2 0.182141 0.790178 0.214009 0.13324 3335
2 0.32284 0.53473 0.0828097 0.0656883 3348
2 0.510316 0.43734 0.0380868 0.0276434 3145
2 0.519482 0.461775 0.0354372 0.0336321 3384
2 0.633341 0.448432 0.0629361 0.0424787 3241
2 0.719421 0.469113 0.0657173 0.0407184 3258
2 0.85882 0.488789 0.0848178 0.0523674 3368
2 0.387007 0.441947 0.027442 0.0300278 3395
2 0.543739 0.409918 0.0330205 0.0200175 3377
2 0.974822 0.508472 0.031321 0.0496739 3400
2 0.332896 0.422494 0.0197146 0.0233416 3412
2 0.947651 0.594347 0.115412 0.0914539 3360
2 0.388228 0.425523 0.0262556 0.022384 3419
