2 0.182102 0.790717 0.214795 0.133694 3335
2 0.322831 0.535051 0.082919 0.0655544 3348
2 0.510292 0.438431 0.041549 0.0305561 3145
2 0.633402 0.448645 0.0630801 0.042603 3241
2 0.718685 0.469115 0.0678215 0.0422447 3258
2 0.859506 0.488899 0.0855709 0.0515483 3368
2 0.495261 0.479376 0.0495962 0.0517749 3395
2 0.467088 0.400484 0.0221429 0.014976 3377
2 0.975154 0.508899 0.040908 0.0500717 3400
2 0.373121 0.438378 0.0271819 0.0308856 3412
2 0.457823 0.444969 0.0421898 0.0366601 3419
2 0.330564 0.420218 0.018811 0.0223542 3428
2 0.356958 0.420737 0.0162017 0.0170878 3438
2 0.862008 0.549355 0.0821272 0.0597168 3361
