2 0.182144 0.790589 0.215667 0.134289 3335
2 0.322871 0.534849 0.0831492 0.0656867 3348
2 0.511481 0.437248 0.0379193 0.0279757 3145
2 0.633338 0.448393 0.062992 0.042589 3241
2 0.718671 0.46875 0.0659271 0.0408268 3258
2 0.859674 0.488661 0.0870509 0.0520208 3368
2 0.446664 0.397503 0.0194238 0.0136212 3377
2 0.975228 0.508696 0.0427202 0.0496996 3400
2 0.397718 0.44734 0.032498 0.0356598 3412
2 0.502656 0.456653 0.0527093 0.0460543 3419
2 0.341924 0.425712 0.0202008 0.0240731 3428
2 0.3735 0.425437 0.0189321 0.0197528 3438
2 0.320136 0.418122 0.0147298 0.0151545 3445
2 0.586674 0.510976 0.0730048 0.0715412 3379
