2 0.182624 0.790651 0.215181 0.134103 3335
2 0.323156 0.535497 0.083069 0.0655668 3348
2 0.510596 0.43945 0.0408469 0.0300685 3145
2 0.633829 0.449937 0.0632876 0.0429931 3241
2 0.71867 0.469924 0.0678645 0.0422782 3258
2 0.859233 0.489884 0.0873325 0.0512356 3368
2 0.975668 0.509253 0.0453119 0.0497188 3400
2 0.486499 0.479104 0.0548822 0.0557268 3412
2 0.66203 0.502012 0.08381 0.0704306 3419
2 0.376331 0.439067 0.0264723 0.0307365 3428
2 0.421501 0.440071 0.0265854 0.0265611 3438
2 0.338228 0.425909 0.0169024 0.0169201 3445
2 0.274855 0.417475 0.0108048 0.0158755 3452
2 0.926973 0.481341 0.0795217 0.0484087 3457
2 0.311333 0.415337 0.0123871 0.0164727 3459
2 0.360972 0.420379 0.0191398 0.0213795 3462
