2 0.182111 0.790745 0.214938 0.13378 3335
2 0.322831 0.535158 0.0828755 0.0654919 3348
2 0.510232 0.438755 0.0409209 0.0300746 3145
2 0.633379 0.448668 0.0629294 0.0425301 3241
2 0.718512 0.468999 0.0664689 0.0412955 3258
2 0.859385 0.488597 0.0865131 0.052005 3368
2 0.519505 0.487758 0.055796 0.0578541 3395
2 0.459831 0.399227 0.0211125 0.0144402 3377
2 0.975199 0.509088 0.0417666 0.0502218 3400
2 0.380321 0.441099 0.0283144 0.0318142 3412
2 0.47141 0.448559 0.0455244 0.039647 3419
2 0.333669 0.42112 0.0211911 0.0253451 3428
2 0.362181 0.42251 0.0167673 0.0176233 3438
2 0.939119 0.568668 0.0950755 0.0695186 3354
