2 0.182492 0.790741 0.215393 0.134243 3335
2 0.323058 0.535559 0.0830116 0.0655192 3348
2 0.510548 0.439513 0.0410313 0.0302095 3145
2 0.633707 0.449884 0.0631866 0.0428339 3241
2 0.718713 0.469763 0.0679052 0.0422846 3258
2 0.859216 0.489888 0.086441 0.0507666 3368
2 0.975543 0.509275 0.0450698 0.0497963 3400
2 0.466014 0.47189 0.0501037 0.0515761 3412
2 0.624982 0.492477 0.0759534 0.0646625 3419
2 0.368932 0.436468 0.0249842 0.0291865 3428
2 0.411408 0.437339 0.0250696 0.0252724 3438
2 0.334413 0.424827 0.0162498 0.0163752 3445
2 0.274059 0.41679 0.0106255 0.0156288 3452
2 0.95282 0.485594 0.0737853 0.0447683 3457
2 0.309844 0.414756 0.0116114 0.0154446 3459
