2 0.182419 0.789883 0.21546 0.134142 3335
2 0.323207 0.53447 0.0831579 0.0656368 3348
2 0.510546 0.438102 0.040877 0.0299804 3145
2 0.63358 0.448969 0.0610633 0.0412841 3241
2 0.718658 0.468784 0.0685867 0.0427059 3258
2 0.86011 0.488658 0.0899035 0.0523446 3368
2 0.975655 0.508295 0.0470931 0.0498171 3400
2 0.47598 0.472647 0.0499419 0.0542855 3428
2 0.560196 0.477746 0.0514385 0.0466268 3438
2 0.379405 0.439981 0.0250767 0.0247307 3445
2 0.282204 0.424713 0.0138415 0.0195733 3452
2 0.330692 0.422411 0.0154711 0.0193397 3459
2 0.424366 0.436485 0.0282919 0.0311451 3462
2 0.272486 0.414182 0.0102379 0.0137034 3469
2 0.34748 0.41679 0.0131045 0.0158227 3476
2 0.911868 0.614971 0.159438 0.125084 3419
