2 0.182269 0.790591 0.215346 0.134053 3335
2 0.322965 0.535227 0.0830587 0.0655384 3348
2 0.510289 0.438333 0.0393698 0.0288459 3145
2 0.633434 0.449245 0.0621784 0.0421525 3241
2 0.719416 0.470083 0.0661013 0.0409306 3258
2 0.859612 0.489519 0.0880389 0.0511111 3368
2 0.974985 0.508487 0.0500649 0.0533804 3400
2 0.44109 0.461176 0.0412344 0.045665 3428
2 0.511645 0.464748 0.04252 0.0396671 3438
2 0.366274 0.435901 0.0226403 0.0223148 3445
2 0.28031 0.423061 0.01287 0.0185091 3452
2 0.324756 0.421292 0.0144373 0.0184168 3459
2 0.403794 0.431719 0.0257485 0.0286117 3462
2 0.270958 0.414173 0.00949586 0.012651 3469
2 0.340466 0.415317 0.0120375 0.0147227 3476
2 0.744604 0.570235 0.11531 0.104038 3379
