2 0.182125 0.789742 0.215526 0.134085 3335
2 0.322852 0.53503 0.0828739 0.0654425 3348
2 0.510513 0.43873 0.0407279 0.0300314 3145
2 0.633384 0.449295 0.062724 0.0424784 3241
2 0.71837 0.469541 0.0663701 0.0411381 3258
2 0.859375 0.490012 0.0891485 0.0518707 3368
2 0.975313 0.509791 0.0476613 0.0496878 3400
2 0.58227 0.512765 0.0748555 0.0776441 3428
2 0.416895 0.453031 0.0328564 0.0321252 3445
2 0.284559 0.430682 0.0158888 0.0229159 3452
2 0.344277 0.428369 0.0184563 0.0223597 3459
2 0.483126 0.452319 0.0373887 0.0393435 3462
2 0.27478 0.417952 0.0112459 0.0152934 3469
2 0.367328 0.423559 0.0167284 0.0192874 3476
2 0.0185326 0.708965 0.0284543 0.05942 3483
2 0.566585 0.420393 0.0429894 0.0283391 3353
2 0.733472 0.531877 0.0784018 0.0685717 3395
