2 0.1824 0.789837 0.214962 0.133698 3335
2 0.323114 0.535093 0.0827777 0.0653497 3348
2 0.510874 0.438118 0.0394109 0.028932 3145
2 0.633601 0.449336 0.0628572 0.0426236 3241
2 0.718373 0.469994 0.0664593 0.041068 3258
2 0.859881 0.490108 0.0893575 0.0519677 3368
2 0.975572 0.509803 0.0476941 0.0496459 3400
2 0.42997 0.457053 0.0356878 0.034764 3445
2 0.283995 0.432306 0.0167105 0.0241654 3452
2 0.34868 0.430283 0.0192521 0.0230927 3459
2 0.50213 0.457782 0.0415878 0.042931 3462
2 0.27603 0.418621 0.0113898 0.0155308 3469
2 0.373642 0.424927 0.0172662 0.0194613 3476
2 0.0193759 0.708555 0.0290818 0.0598812 3483
2 0.550342 0.41823 0.0398184 0.0265918 3353
2 0.782409 0.5415 0.0890988 0.0742867 3395
2 0.645152 0.528287 0.0961886 0.0835643 3438
