2 0.182494 0.79038 0.215435 0.134 3335
2 0.323213 0.535465 0.0832245 0.0657174 3348
2 0.510601 0.439712 0.0411448 0.0301115 3145
2 0.633714 0.450367 0.0617958 0.0418414 3241
2 0.718598 0.470386 0.0672689 0.0415309 3258
2 0.859996 0.490083 0.0886359 0.0512634 3368
2 0.975573 0.510382 0.0485786 0.0504382 3400
2 0.501131 0.482167 0.0519283 0.0494109 3445
2 0.272399 0.441919 0.0224828 0.0306201 3452
2 0.371049 0.43872 0.0236035 0.0273552 3459
2 0.612237 0.490145 0.0620145 0.0606496 3462
2 0.281376 0.422266 0.011118 0.0138572 3469
2 0.40523 0.434994 0.0228972 0.0239065 3476
2 0.0201247 0.708038 0.031475 0.0604818 3483
2 0.494383 0.411339 0.0315822 0.0225754 3353
2 0.879834 0.605436 0.157017 0.125491 3395
