2 0.181852 0.79022 0.214885 0.133618 3335
2 0.322772 0.535311 0.0830771 0.0656933 3348
2 0.510487 0.43952 0.0406274 0.0297832 3145
2 0.633148 0.449907 0.06179 0.0418665 3241
2 0.717818 0.470699 0.0674139 0.0413205 3258
2 0.859518 0.490985 0.0901543 0.052075 3368
2 0.975068 0.511529 0.0490114 0.050664 3400
2 0.19633 0.475674 0.04315 0.0440115 3452
2 0.456482 0.467902 0.0430095 0.046372 3459
2 0.285172 0.431963 0.0157371 0.0197444 3469
2 0.535023 0.469422 0.0476739 0.0422731 3476
2 0.0196041 0.707849 0.035014 0.0604886 3483
2 0.418595 0.402282 0.0238771 0.0185568 3353
2 0.344605 0.429213 0.0170947 0.0192942 3497
2 0.368132 0.422643 0.0198617 0.0208219 3502
