2 0.182213 0.791023 0.215601 0.134106 3335
2 0.322976 0.535833 0.0833284 0.0656861 3348
2 0.510518 0.440098 0.0414248 0.0303703 3145
2 0.633356 0.450641 0.0609198 0.0409334 3241
2 0.71971 0.471361 0.06487 0.0396488 3258
2 0.859879 0.491069 0.0907558 0.0528271 3368
2 0.975392 0.510672 0.0480722 0.0493127 3400
2 0.0197887 0.708583 0.0377912 0.0602909 3483
2 0.524251 0.494151 0.0542292 0.0523936 3497
2 0.383187 0.440659 0.0235682 0.0254897 3523
2 0.397256 0.431871 0.02329 0.02229 3525
2 0.277272 0.418653 0.0088782 0.0151555 3531
2 0.34337 0.414538 0.0223428 0.0188581 3541
2 0.317682 0.416717 0.014986 0.017025 3545
2 0.271358 0.410554 0.00738707 0.0112049 3554
