2 0.182417 0.790651 0.215318 0.133721 3335
2 0.323193 0.535626 0.0827063 0.0652344 3348
2 0.510568 0.439992 0.0410912 0.0305079 3145
2 0.633643 0.45017 0.0619686 0.0418217 3241
2 0.718305 0.470637 0.0677727 0.0413879 3258
2 0.859372 0.490941 0.0882488 0.0511679 3368
2 0.97539 0.511199 0.0489424 0.0501643 3400
2 0.0686066 0.526567 0.0708098 0.0604155 3452
2 0.265 0.446905 0.0223311 0.0267728 3469
2 0.0199137 0.708336 0.0367656 0.0605361 3483
2 0.378588 0.399743 0.0167133 0.0137979 3353
2 0.397124 0.448414 0.0268244 0.0282964 3497
2 0.436958 0.441628 0.0305429 0.0310569 3502
2 0.33648 0.42407 0.0149444 0.0171603 3523
2 0.351508 0.418692 0.0162214 0.0163078 3525
2 0.273683 0.409414 0.00971632 0.0177665 3531
2 0.32427 0.409636 0.0123975 0.0151284 3532
2 0.90733 0.571101 0.100415 0.0858774 3428
2 0.705239 0.55614 0.103877 0.0946433 3445
