2 0.182138 0.790641 0.215358 0.133946 3335
2 0.322816 0.535522 0.0832508 0.0656836 3348
2 0.510427 0.439776 0.0412955 0.0303354 3145
2 0.633206 0.451065 0.0606488 0.0404301 3241
2 0.71852 0.470429 0.0674646 0.0412033 3258
2 0.858842 0.490755 0.0895149 0.0520557 3368
2 0.975305 0.510716 0.0487593 0.0500316 3400
2 0.0197101 0.708251 0.0380922 0.0603062 3483
2 0.416374 0.451324 0.0292603 0.0306972 3523
2 0.429527 0.439653 0.0290936 0.0267277 3525
2 0.281016 0.422112 0.00975742 0.0154542 3531
2 0.354346 0.418024 0.0242798 0.0210756 3541
2 0.326269 0.419389 0.0175636 0.0200094 3545
2 0.272359 0.412725 0.00790863 0.011975 3554
2 0.127592 0.503732 0.0546599 0.0444588 3557
