2 0.18216 0.790574 0.21551 0.133934 3335
2 0.322732 0.535274 0.0833223 0.0658886 3348
2 0.510468 0.4398 0.0410354 0.030147 3145
2 0.633385 0.449577 0.0624352 0.0418056 3241
2 0.717392 0.470296 0.0675421 0.0416525 3258
2 0.859519 0.490199 0.0897247 0.0524462 3368
2 0.975473 0.510282 0.0479894 0.0493179 3400
2 0.0197675 0.708397 0.0385188 0.0603632 3483
2 0.288447 0.435344 0.0163612 0.0224283 3531
2 0.415151 0.435037 0.0338884 0.0313139 3541
2 0.373025 0.436837 0.0236927 0.0267083 3545
2 0.279298 0.42137 0.00998408 0.0142301 3554
2 0.330726 0.412403 0.0137221 0.0144682 3577
2 0.353871 0.418594 0.0164582 0.0180168 3585
2 0.726938 0.56043 0.0925457 0.0807459 3502
