2 0.182495 0.790621 0.21528 0.133759 3335
2 0.323121 0.535425 0.0828298 0.0653157 3348
2 0.510646 0.439067 0.0408208 0.0299115 3145
2 0.633607 0.449782 0.0629185 0.0420552 3241
2 0.718589 0.469872 0.0675929 0.0417037 3258
2 0.860383 0.490877 0.0889467 0.0519546 3368
2 0.975598 0.51034 0.0483544 0.0498649 3400
2 0.0198457 0.708197 0.038526 0.060473 3483
2 0.547358 0.469897 0.0482871 0.0398332 3525
2 0.29074 0.430082 0.0145556 0.0200002 3531
2 0.38865 0.427508 0.0294853 0.0269265 3541
2 0.35264 0.429214 0.0206667 0.0236775 3545
2 0.276545 0.418486 0.00914764 0.0133698 3554
2 0.323176 0.409026 0.0135906 0.0142694 3577
