2 0.182209 0.790378 0.214781 0.133424 3335
2 0.323011 0.535042 0.0831391 0.0657436 3348
2 0.510598 0.439455 0.0409362 0.0301007 3145
2 0.633584 0.449629 0.0629964 0.0422652 3241
2 0.718688 0.470266 0.0669145 0.0413316 3258
2 0.85951 0.489836 0.0876335 0.051031 3368
2 0.975585 0.509876 0.0482265 0.0495462 3400
2 0.0197414 0.708288 0.038602 0.060531 3483
2 0.286823 0.437034 0.0175871 0.0240027 3531
2 0.427318 0.437544 0.0370707 0.0344429 3541
2 0.381237 0.439239 0.0255927 0.0287322 3545
2 0.280494 0.422661 0.010975 0.0156467 3554
2 0.333693 0.413321 0.0135951 0.0143108 3577
2 0.359199 0.42005 0.0167949 0.0183179 3585
2 0.814891 0.584118 0.106368 0.0928103 3459
