2 0.183784 0.791278 0.215186 0.133394 3335
2 0.324076 0.536589 0.0838633 0.0662719 3348
2 0.511241 0.440074 0.0412635 0.0303036 3145
2 0.634427 0.450689 0.0622167 0.0416857 3241
2 0.719581 0.47013 0.0675515 0.0416865 3258
2 0.860967 0.490756 0.0896821 0.052716 3368
2 0.976366 0.509932 0.0479047 0.0498168 3400
2 0.0340835 0.701754 0.0528178 0.0697929 3483
2 0.236721 0.463407 0.0269516 0.0292083 3554
2 0.437031 0.441121 0.0302697 0.031569 3577
2 0.441073 0.397058 0.0186789 0.0142591 3457
2 0.343041 0.428055 0.0169505 0.0201575 3601
2 0.326104 0.411718 0.0135277 0.0154284 3610
2 0.57729 0.480637 0.0510294 0.0520359 3545
