2 0.183532 0.790654 0.21513 0.133357 3335
2 0.323842 0.53577 0.0833828 0.0657925 3348
2 0.511233 0.438788 0.0403016 0.0295128 3145
2 0.634368 0.449891 0.062009 0.0415553 3241
2 0.719429 0.469491 0.0682995 0.0421757 3258
2 0.861328 0.490007 0.0899511 0.0528523 3368
2 0.976318 0.509203 0.0477257 0.0495265 3400
2 0.031255 0.701919 0.0494112 0.0673586 3483
2 0.247932 0.457542 0.0251716 0.0284464 3554
2 0.425557 0.437893 0.027947 0.0292496 3577
2 0.448473 0.396429 0.021511 0.0163988 3457
2 0.337414 0.424756 0.0162868 0.0196168 3601
2 0.324008 0.409618 0.0134527 0.0153278 3610
