2 0.182961 0.790256 0.214567 0.132982 3335
2 0.323547 0.53569 0.0833602 0.0657329 3348
2 0.510925 0.43793 0.0376524 0.0275073 3145
2 0.634142 0.450556 0.0613549 0.0411232 3241
2 0.719096 0.469812 0.0669708 0.0412691 3258
2 0.860698 0.49004 0.0905093 0.053134 3368
2 0.976022 0.510109 0.048239 0.0499949 3400
2 0.0287977 0.703221 0.047032 0.0661548 3483
2 0.257066 0.452989 0.0233018 0.0273658 3554
2 0.415261 0.43543 0.0267667 0.0281931 3577
2 0.456313 0.397964 0.0211468 0.0157907 3457
2 0.332972 0.423349 0.0158534 0.0192038 3601
2 0.942343 0.613014 0.12032 0.107009 3502
