2 0.183534 0.790403 0.215719 0.133771 3335
2 0.323991 0.535827 0.0829504 0.0655872 3348
2 0.510168 0.438608 0.0366463 0.0269597 3145
2 0.634224 0.450773 0.061979 0.0415805 3241
2 0.719428 0.470228 0.0673518 0.0412174 3258
2 0.860205 0.490845 0.0886376 0.0521232 3368
2 0.976429 0.509897 0.0469578 0.04958 3400
2 0.0458316 0.694268 0.0712979 0.0825721 3483
2 0.515813 0.460754 0.0437581 0.0441481 3577
2 0.37364 0.437633 0.0235668 0.0269096 3601
2 0.38906 0.428201 0.0226739 0.0226436 3616
2 0.344173 0.415357 0.0178825 0.019064 3625
2 0.410552 0.392167 0.016847 0.0131295 3457
2 0.0513017 0.638357 0.104116 0.0533917 3627
2 0.142532 0.499606 0.0455551 0.0398444 3531
2 0.836822 0.550819 0.0964766 0.0805296 3497
