2 0.183302 0.790988 0.215506 0.133693 3335
2 0.324078 0.536283 0.0828322 0.0655502 3348
2 0.500458 0.439072 0.0358912 0.0283742 3145
2 0.634203 0.451196 0.0625661 0.0420897 3241
2 0.719311 0.470724 0.0683205 0.0419944 3258
2 0.860744 0.492094 0.0906154 0.0532542 3368
2 0.974817 0.511308 0.0483079 0.0504104 3400
2 0.0691097 0.682545 0.107197 0.0976386 3483
2 0.504839 0.481458 0.0504302 0.0527551 3601
2 0.516889 0.462875 0.0412156 0.0382488 3616
2 0.400721 0.43205 0.0283505 0.0287598 3625
2 0.244592 0.549221 0.105281 0.0582712 3627
2 0.353965 0.432108 0.0176751 0.0194605 3610
2 0.929606 0.570307 0.111019 0.0898771 3497
2 0.344842 0.41856 0.0128483 0.0164919 3643
