2 0.183372 0.791097 0.215903 0.133944 3335
2 0.324151 0.536459 0.083066 0.0657452 3348
2 0.50606 0.438948 0.0350907 0.0285346 3145
2 0.634195 0.451701 0.0618614 0.041563 3241
2 0.719497 0.471221 0.0678891 0.0416922 3258
2 0.860846 0.492226 0.0916444 0.0538318 3368
2 0.975679 0.511392 0.0474077 0.0496962 3400
2 0.0665219 0.685773 0.104639 0.0984234 3483
2 0.480758 0.473252 0.0447107 0.0471929 3601
2 0.494627 0.457314 0.0377602 0.035644 3616
2 0.39154 0.42959 0.0261921 0.0267754 3625
2 0.231435 0.556624 0.111557 0.0608163 3627
2 0.347716 0.429646 0.0171394 0.0192623 3610
2 0.884369 0.560485 0.111938 0.0887665 3497
