2 0.18298 0.790734 0.214787 0.133177 3335
2 0.323459 0.5361 0.0831608 0.0658153 3348
2 0.495853 0.439163 0.0398671 0.030045 3145
2 0.63397 0.450563 0.0626753 0.0422571 3241
2 0.719019 0.470746 0.0684615 0.0421868 3258
2 0.860541 0.491379 0.0900289 0.0529078 3368
2 0.974381 0.510533 0.0488752 0.0501933 3400
2 0.0773235 0.673775 0.116459 0.0958187 3483
2 0.434174 0.440139 0.0359291 0.0353466 3625
2 0.269125 0.531924 0.0879974 0.0522607 3627
2 0.380931 0.441404 0.0231091 0.0245147 3610
2 0.357171 0.421971 0.0137975 0.0166484 3643
2 0.618332 0.487737 0.0492441 0.0443138 3577
