2 0.183896 0.790902 0.215693 0.133805 3335
2 0.32391 0.536024 0.0830852 0.066575 3348
2 0.424217 0.443419 0.0427043 0.0279865 3145
2 0.611279 0.448163 0.0573022 0.0401604 3241
2 0.712983 0.469357 0.067842 0.041977 3258
2 0.860298 0.490754 0.0892338 0.0521331 3368
2 0.97474 0.509661 0.0493948 0.0492019 3400
2 0.180763 0.621997 0.123154 0.0818734 3483
2 0.306288 0.516678 0.0693361 0.0478027 3627
2 0.0841696 0.627757 0.0750895 0.0807918 3689
2 0.315776 0.407701 0.0110444 0.0133567 3692
2 0.643225 0.507306 0.0684383 0.0586802 3625
