2 0.18158 0.791978 0.215305 0.133367 3335
2 0.322013 0.536474 0.0829933 0.066517 3348
2 0.291031 0.472045 0.0542561 0.0349415 3145
2 0.570469 0.442374 0.0539576 0.0375093 3241
2 0.664107 0.460597 0.0595149 0.0381389 3258
2 0.833443 0.486663 0.0887711 0.0531049 3368
2 0.973062 0.507986 0.0510485 0.049575 3400
2 0.20311 0.610436 0.118009 0.0777694 3483
2 0.303536 0.517227 0.0696796 0.0477553 3627
2 0.198781 0.569757 0.0773093 0.061976 3689
2 0.334648 0.415078 0.0144211 0.0169267 3692
2 0.692987 0.44052 0.064156 0.0395139 3648
