2 0.346619 0.742538 0.201123 0.131359 3335
2 0.322006 0.536534 0.0833878 0.0664278 3348
2 0.230687 0.486677 0.0657082 0.0468179 3241
2 0.414425 0.452927 0.0464327 0.030643 3258
2 0.591958 0.44843 0.0541649 0.0376638 3368
2 0.730134 0.467685 0.0698593 0.0459292 3400
2 0.202328 0.61084 0.120152 0.0779421 3483
2 0.30316 0.517324 0.0708454 0.0482234 3627
2 0.220447 0.555768 0.0859659 0.0510675 3689
2 0.388307 0.429934 0.025153 0.0262112 3692
2 0.362439 0.399353 0.017716 0.0145097 3715
2 0.939468 0.51067 0.0412417 0.0544708 3724
