2 0.411784 0.721768 0.190658 0.127471 3335
2 0.32204 0.536057 0.0832761 0.0663515 3348
2 0.180802 0.501289 0.0702061 0.0497151 3241
2 0.38074 0.458399 0.0473055 0.031248 3258
2 0.567987 0.446756 0.0521538 0.0364102 3368
2 0.706796 0.464008 0.0666932 0.0437479 3400
2 0.202345 0.610572 0.119975 0.077838 3483
2 0.303196 0.516838 0.0703839 0.0479604 3627
2 0.22054 0.555337 0.0865864 0.051272 3689
2 0.390146 0.429861 0.0255012 0.0262915 3692
2 0.355376 0.398378 0.0158575 0.0133915 3715
2 0.897405 0.501504 0.044587 0.0524519 3724
