2 0.552285 0.684575 0.16578 0.11779 3335
2 0.323153 0.53764 0.083456 0.0667363 3348
2 0.0583966 0.542716 0.0845358 0.0604055 3241
2 0.306303 0.480959 0.0645922 0.0439003 3258
2 0.517939 0.448141 0.0506191 0.035662 3368
2 0.662256 0.458055 0.0631226 0.0425375 3400
2 0.203637 0.611447 0.120136 0.0780863 3483
2 0.304063 0.517458 0.0673985 0.0455834 3627
2 0.221685 0.55686 0.0872182 0.0514069 3689
2 0.392122 0.431998 0.0262515 0.0268119 3692
2 0.813444 0.488165 0.0503141 0.0474908 3724
2 0.315453 0.418644 0.0131255 0.0187239 3733
2 0.0515907 0.802465 0.0556747 0.103508 3734
2 0.442195 0.409631 0.0210186 0.0163693 3736
