2 0.793569 0.656826 0.150588 0.104615 3335
2 0.323164 0.536527 0.083358 0.0666604 3348
2 0.191146 0.508729 0.0626974 0.0424969 3258
2 0.448442 0.451595 0.0488333 0.0353861 3368
2 0.601669 0.448342 0.0538589 0.0372448 3400
2 0.203457 0.610495 0.119831 0.0779566 3483
2 0.30425 0.517264 0.0697048 0.0469962 3627
2 0.221643 0.554777 0.0843285 0.0491655 3689
2 0.392245 0.43092 0.0263316 0.0268511 3692
2 0.728346 0.470222 0.053123 0.042249 3724
2 0.326239 0.421326 0.0156101 0.0217691 3733
2 0.193032 0.758295 0.103937 0.145589 3734
