2 0.601275 0.677209 0.160842 0.114593 3335
2 0.322916 0.536736 0.0830468 0.0663814 3348
2 0.0315528 0.554551 0.0837693 0.06196 3241
2 0.286074 0.482662 0.0580652 0.0392849 3258
2 0.508068 0.447456 0.0486949 0.0351132 3368
2 0.64958 0.454967 0.0632289 0.0429704 3400
2 0.203243 0.610776 0.119921 0.0779499 3483
2 0.303973 0.516689 0.0674763 0.0454603 3627
2 0.221602 0.555387 0.0869575 0.0511969 3689
2 0.392144 0.431196 0.026271 0.0267987 3692
2 0.794258 0.483957 0.0511053 0.0461823 3724
2 0.317111 0.418513 0.0135554 0.0192719 3733
2 0.0710404 0.795727 0.0648242 0.11602 3734
