2 0.32306 0.536766 0.0831336 0.0667823 3348
2 0.252546 0.489158 0.0568636 0.0416534 3368
2 0.450835 0.448456 0.0509487 0.0366591 3400
2 0.20329 0.610681 0.120257 0.0783437 3483
2 0.304004 0.517303 0.0687912 0.045915 3627
2 0.221279 0.556237 0.0876638 0.051314 3689
2 0.391791 0.431079 0.0262804 0.0267478 3692
2 0.575736 0.448988 0.0459483 0.0320635 3724
2 0.34941 0.429882 0.020027 0.0263252 3733
2 0.68881 0.65404 0.121784 0.122077 3734
2 0.860876 0.492718 0.0528302 0.0491397 3742
2 0.169654 0.794295 0.125456 0.138691 3744
2 0.278317 0.421611 0.011002 0.0150414 3747
2 0.318569 0.409421 0.0118753 0.0141099 3748
