2 0.323448 0.53781 0.083012 0.0666155 3348
2 0.315516 0.474986 0.052856 0.0388893 3368
2 0.496731 0.447458 0.0493964 0.0346705 3400
2 0.203678 0.611415 0.119564 0.077798 3483
2 0.304372 0.518211 0.0688705 0.0461375 3627
2 0.221858 0.556753 0.0877502 0.0513234 3689
2 0.392256 0.432193 0.0265137 0.0269081 3692
2 0.61512 0.454832 0.0454269 0.0323813 3724
2 0.343345 0.429075 0.0184854 0.0247945 3733
2 0.536621 0.674643 0.126745 0.133697 3734
2 0.941477 0.510788 0.0508854 0.0532029 3742
2 0.0770892 0.819748 0.0914964 0.112079 3744
