2 0.322716 0.536568 0.083243 0.0668126 3348
2 0.300354 0.473948 0.0517364 0.0379352 3400
2 0.202875 0.61073 0.119747 0.077911 3483
2 0.303712 0.518009 0.0707529 0.0474366 3627
2 0.220836 0.556278 0.0879395 0.0512483 3689
2 0.391564 0.430895 0.0266137 0.0269163 3692
2 0.449617 0.4489 0.0423735 0.0291137 3724
2 0.361808 0.434247 0.0236739 0.0296579 3733
2 0.65398 0.456441 0.0524977 0.0391448 3742
2 0.628502 0.697805 0.143915 0.124076 3744
2 0.287675 0.430656 0.0158413 0.0211695 3747
2 0.334005 0.415672 0.0134139 0.014825 3748
2 0.941266 0.511588 0.0458806 0.053503 3756
2 0.0736298 0.810637 0.123989 0.113688 3758
