2 0.322504 0.535798 0.0838296 0.0674206 3348
2 0.260022 0.484322 0.0553409 0.0402127 3400
2 0.202521 0.610484 0.119783 0.0779175 3483
2 0.303147 0.517022 0.0697891 0.046809 3627
2 0.220753 0.55512 0.0875891 0.0510202 3689
2 0.3914 0.430557 0.0266794 0.0270498 3692
2 0.419849 0.45199 0.0441064 0.0301322 3724
2 0.362787 0.434516 0.0233589 0.0289846 3733
2 0.616299 0.452219 0.0472692 0.0349475 3742
2 0.75146 0.693399 0.142498 0.117753 3744
2 0.286727 0.432703 0.0162469 0.02213 3747
2 0.33773 0.415848 0.0149817 0.0166842 3748
2 0.88413 0.501546 0.0482145 0.0509982 3756
2 0.112053 0.79756 0.151964 0.136483 3758
