2 0.322466 0.536464 0.0826427 0.0662818 3348
2 0.12443 0.528691 0.0726512 0.0533179 3368
2 0.371086 0.459339 0.0521443 0.038482 3400
2 0.202691 0.61051 0.119845 0.077982 3483
2 0.303536 0.517119 0.0697781 0.0465513 3627
2 0.220733 0.555741 0.0875881 0.051046 3689
2 0.391525 0.430209 0.0254843 0.0256377 3692
2 0.508641 0.445783 0.0435273 0.0302835 3724
2 0.357658 0.432496 0.0220641 0.0281046 3733
2 0.931998 0.654551 0.141836 0.125716 3734
2 0.733684 0.470075 0.0536031 0.0423404 3742
2 0.42089 0.730683 0.140586 0.132208 3744
2 0.283759 0.42606 0.0136118 0.0185127 3747
2 0.325978 0.412534 0.0124053 0.0146156 3748
