2 0.322169 0.537102 0.0832643 0.0668134 3348
2 0.0614439 0.551094 0.078601 0.0577027 3368
2 0.336191 0.467652 0.0516126 0.0381318 3400
2 0.202145 0.611102 0.119861 0.0779573 3483
2 0.303104 0.517854 0.0705016 0.0471333 3627
2 0.220161 0.556399 0.0876495 0.0510463 3689
2 0.390939 0.431618 0.0264025 0.0266475 3692
2 0.478585 0.44791 0.0425571 0.0293303 3724
2 0.359878 0.433987 0.0227394 0.0285192 3733
2 0.690087 0.464605 0.0520508 0.0392588 3742
2 0.521896 0.713625 0.143353 0.129108 3744
2 0.285998 0.429095 0.0148093 0.0198194 3747
2 0.33033 0.415486 0.0122494 0.0139655 3748
2 0.972099 0.519558 0.0368511 0.0454527 3756
