2 0.323602 0.536765 0.0827616 0.066485 3348
2 0.203948 0.610039 0.119707 0.0777146 3483
2 0.304537 0.516868 0.0688291 0.0457507 3627
2 0.222051 0.555535 0.0863684 0.0500611 3689
2 0.392548 0.430798 0.0263944 0.0266724 3692
2 0.215896 0.499767 0.0576725 0.0396861 3724
2 0.364106 0.433808 0.0259354 0.0321487 3733
2 0.452673 0.450946 0.0441259 0.0303244 3742
2 0.264747 0.449261 0.0237701 0.029285 3747
2 0.357638 0.420886 0.0175369 0.0194801 3748
2 0.646245 0.459959 0.0492791 0.0358067 3756
2 0.571394 0.709105 0.177569 0.148095 3758
2 0.739107 0.473554 0.0550234 0.0464285 3764
2 0.342326 0.429892 0.0195874 0.0191724 3767
