2 0.321992 0.536425 0.0828654 0.0666571 3348
2 0.117837 0.527623 0.073909 0.054287 3400
2 0.201955 0.610425 0.11968 0.07781 3483
2 0.302928 0.516941 0.0692245 0.046303 3627
2 0.219905 0.555799 0.0894479 0.0522659 3689
2 0.390898 0.430557 0.026165 0.026412 3692
2 0.317392 0.470985 0.0496065 0.0339539 3724
2 0.363156 0.434831 0.0239038 0.0289729 3733
2 0.530052 0.446106 0.0447333 0.0308012 3742
2 0.275738 0.442712 0.0197192 0.0262681 3747
2 0.34822 0.418407 0.0167293 0.0185034 3748
2 0.73407 0.474197 0.0515389 0.0421308 3756
2 0.356585 0.741131 0.171275 0.143607 3758
2 0.877064 0.499047 0.0558361 0.0538961 3764
2 0.332631 0.42633 0.0186036 0.0178805 3767
