2 0.322003 0.536807 0.0829469 0.0666881 3348
2 0.0897554 0.537521 0.0765797 0.0562502 3400
2 0.202295 0.61044 0.1196 0.0777023 3483
2 0.303084 0.517516 0.0691763 0.0462383 3627
2 0.220113 0.555536 0.0874128 0.0509608 3689
2 0.391186 0.430764 0.0263426 0.0265956 3692
2 0.298529 0.477442 0.0541323 0.0374889 3724
2 0.363225 0.434955 0.0237753 0.0287574 3733
2 0.515222 0.446494 0.0449998 0.0307464 3742
2 0.273335 0.444146 0.0206968 0.0272255 3747
2 0.350184 0.419024 0.0170993 0.0188424 3748
2 0.71386 0.470573 0.0515164 0.0408604 3756
2 0.398117 0.732045 0.171591 0.143202 3758
2 0.84372 0.491957 0.0564938 0.0530525 3764
2 0.33454 0.427375 0.0186817 0.0180067 3767
