2 0.321922 0.537816 0.0827487 0.0665033 3348
2 0.0601656 0.548432 0.0766431 0.0558872 3400
2 0.202197 0.611149 0.119716 0.0777398 3483
2 0.302867 0.517617 0.0680506 0.045341 3627
2 0.219972 0.5565 0.0867787 0.0504749 3689
2 0.390954 0.432272 0.0262256 0.0264924 3692
2 0.278609 0.482472 0.0517395 0.0357008 3724
2 0.363247 0.436055 0.0242741 0.0294415 3733
2 0.504256 0.4482 0.043138 0.0300218 3742
2 0.270528 0.446097 0.0220828 0.0287567 3747
2 0.351748 0.420761 0.0167572 0.0183611 3748
2 0.694593 0.469338 0.0505387 0.0389808 3756
2 0.43925 0.725094 0.169608 0.141115 3758
2 0.81267 0.487828 0.0565446 0.051594 3764
2 0.33601 0.429476 0.0189938 0.0183404 3767
