2 0.323504 0.537592 0.0830318 0.0667001 3348
2 0.203827 0.604014 0.101111 0.0625283 3483
2 0.304525 0.518185 0.0700461 0.0467181 3627
2 0.221759 0.556525 0.0878463 0.050948 3689
2 0.392655 0.432415 0.0259811 0.0264085 3692
2 0.0291861 0.569689 0.0725953 0.0512989 3724
2 0.364424 0.436059 0.0235324 0.0296731 3733
2 0.327025 0.47305 0.0512961 0.0342665 3742
2 0.255645 0.454545 0.0283003 0.0312382 3747
2 0.547595 0.450132 0.0458173 0.0313186 3756
2 0.923105 0.703275 0.160967 0.124968 3758
2 0.623691 0.453797 0.0492307 0.0381703 3764
2 0.344675 0.432645 0.0185221 0.0190938 3767
2 0.928269 0.50954 0.065208 0.0524988 3781
2 0.369406 0.424725 0.0177428 0.0192588 3748
