2 0.323793 0.537366 0.0830714 0.0667338 3348
2 0.204184 0.603902 0.102607 0.0624543 3483
2 0.304949 0.51811 0.069502 0.0462832 3627
2 0.222239 0.556263 0.0883569 0.0513008 3689
2 0.39289 0.432185 0.0261348 0.0266226 3692
2 0.364648 0.43605 0.0232744 0.0292955 3733
2 0.306781 0.48209 0.0656993 0.0450571 3742
2 0.255689 0.454715 0.0285811 0.031102 3747
2 0.534862 0.449602 0.0450598 0.0305275 3756
2 0.958395 0.709369 0.152616 0.12329 3758
2 0.610865 0.452114 0.0490147 0.0377459 3764
2 0.345071 0.432616 0.0182377 0.0189193 3767
2 0.892654 0.50294 0.063173 0.0501444 3781
2 0.286658 0.436774 0.0184148 0.0276162 3785
2 0.370886 0.424965 0.0182294 0.0196183 3748
