2 0.322497 0.536754 0.082089 0.0658661 3348
2 0.202494 0.610544 0.131142 0.0773131 3483
2 0.303495 0.517371 0.0696224 0.0465221 3627
2 0.22089 0.555708 0.0883968 0.0513169 3689
2 0.391638 0.431479 0.0260711 0.0262437 3692
2 0.363287 0.435601 0.0237222 0.0291005 3733
2 0.0786274 0.548803 0.0763149 0.0521082 3742
2 0.249625 0.456104 0.0304764 0.0307775 3747
2 0.406949 0.457174 0.0457848 0.0298456 3756
2 0.493084 0.446035 0.0462678 0.0343233 3764
2 0.343602 0.431941 0.0176784 0.0193357 3767
2 0.672794 0.460483 0.0546116 0.0384978 3781
2 0.28147 0.438279 0.0225151 0.0328988 3785
2 0.374255 0.426135 0.0177118 0.0212132 3748
