2 0.321513 0.538336 0.0833517 0.0669894 3348
2 0.201445 0.604578 0.107915 0.0616783 3483
2 0.302419 0.519462 0.0710805 0.0475313 3627
2 0.219389 0.558105 0.0883028 0.0512381 3689
2 0.390533 0.43306 0.0256871 0.0259683 3692
2 0.362514 0.436943 0.023803 0.029276 3733
2 0.162414 0.518725 0.0668909 0.0452221 3742
2 0.24999 0.457329 0.03031 0.0313641 3747
2 0.4489 0.453201 0.0450487 0.0298447 3756
2 0.531418 0.446615 0.0467566 0.0345627 3764
2 0.342422 0.433491 0.0179048 0.0193406 3767
2 0.726452 0.470188 0.0575738 0.0416382 3781
2 0.280577 0.440581 0.0212914 0.0315908 3785
2 0.372641 0.427443 0.018189 0.020751 3748
