2 0.323969 0.538297 0.0832071 0.0668604 3348
2 0.204443 0.606212 0.112543 0.0660629 3483
2 0.304566 0.519022 0.0697467 0.0465063 3627
2 0.221895 0.557497 0.087469 0.0507702 3689
2 0.392526 0.433625 0.0258453 0.0262508 3692
2 0.365139 0.437348 0.0231944 0.0286827 3733
2 0.216807 0.502453 0.0608912 0.041425 3742
2 0.253368 0.456476 0.0296164 0.0310371 3747
2 0.480369 0.451799 0.044504 0.0296409 3756
2 0.558725 0.448136 0.0472806 0.0353452 3764
2 0.34476 0.433719 0.0181127 0.0193012 3767
2 0.774986 0.480559 0.0594113 0.0442395 3781
2 0.283846 0.439482 0.0211476 0.0315709 3785
2 0.374328 0.427784 0.0188866 0.0210188 3748
