2 0.324473 0.537205 0.0832828 0.0669197 3348
2 0.204989 0.604492 0.1087 0.0640798 3483
2 0.305102 0.518073 0.070343 0.046953 3627
2 0.222589 0.55616 0.0875207 0.0508341 3689
2 0.393423 0.432552 0.0255157 0.0259492 3692
2 0.365045 0.43626 0.0232672 0.0291146 3733
2 0.242369 0.49486 0.057351 0.0390323 3742
2 0.254635 0.455265 0.0293349 0.0310029 3747
2 0.495265 0.450543 0.0437915 0.0293389 3756
2 0.572094 0.448947 0.0484164 0.0364735 3764
2 0.345454 0.43275 0.0179805 0.0190026 3767
2 0.800871 0.484729 0.0607174 0.0458758 3781
2 0.285151 0.437505 0.0214904 0.0321629 3785
2 0.374428 0.426975 0.0196422 0.0216946 3748
