2 0.32332 0.535532 0.0826505 0.0660764 3348
2 0.203789 0.609007 0.123613 0.0777802 3483
2 0.304443 0.515737 0.0682188 0.0452819 3627
2 0.221919 0.554091 0.0869184 0.0504556 3689
2 0.392307 0.429924 0.0264407 0.0265983 3692
2 0.364155 0.434185 0.0236286 0.0283233 3733
2 0.247451 0.455691 0.0331755 0.0314005 3747
2 0.195087 0.50479 0.0608438 0.0394397 3756
2 0.305063 0.477702 0.0648711 0.0493594 3764
2 0.344521 0.430161 0.017057 0.0190245 3767
2 0.48728 0.449126 0.0476319 0.0324498 3781
2 0.27942 0.440511 0.0262534 0.0333767 3785
2 0.375212 0.42481 0.0161212 0.0217684 3748
2 0.485154 0.725397 0.14622 0.145958 3798
