2 0.323062 0.535897 0.0831741 0.0666634 3348
2 0.203621 0.609316 0.121418 0.0777778 3483
2 0.304133 0.516083 0.0694164 0.0461447 3627
2 0.221539 0.554474 0.0889844 0.0519822 3689
2 0.392282 0.430334 0.0258186 0.026257 3692
2 0.363853 0.434342 0.0239072 0.0285731 3733
2 0.238151 0.460768 0.0347114 0.0320645 3747
2 0.0824642 0.538835 0.0747626 0.0556771 3764
2 0.344239 0.430452 0.0171565 0.0191748 3767
2 0.314361 0.474416 0.0555394 0.0376045 3781
2 0.27908 0.440794 0.0284293 0.0330632 3785
2 0.374527 0.425121 0.0157006 0.0219523 3748
2 0.973202 0.708326 0.141681 0.129119 3798
2 0.192101 0.757243 0.135857 0.178449 3801
