2 0.322386 0.53524 0.0829404 0.0661974 3348
2 0.202765 0.608788 0.122637 0.0778702 3483
2 0.303314 0.515505 0.0708035 0.0471316 3627
2 0.220707 0.554013 0.0880939 0.0513051 3689
2 0.39169 0.429426 0.0260207 0.0262557 3692
2 0.363406 0.433644 0.0239726 0.0287374 3733
2 0.245177 0.456068 0.0332363 0.0312747 3747
2 0.0995223 0.535832 0.0750791 0.0483493 3756
2 0.230671 0.491771 0.0596932 0.0447537 3764
2 0.343697 0.429728 0.0171583 0.01914 3767
2 0.421941 0.454338 0.0460903 0.0309114 3781
2 0.279372 0.439587 0.0274787 0.0334898 3785
2 0.374406 0.424711 0.0158404 0.0219507 3748
2 0.693834 0.69943 0.141722 0.134767 3798
