2 0.323028 0.53471 0.0828429 0.0663875 3348
2 0.203579 0.60846 0.121719 0.0778862 3483
2 0.304056 0.514594 0.068495 0.0455026 3627
2 0.221424 0.553872 0.0880027 0.051309 3689
2 0.39218 0.428888 0.0259503 0.0263407 3692
2 0.363976 0.433002 0.0241078 0.0288052 3733
2 0.240738 0.458538 0.0344623 0.0320338 3747
2 0.110151 0.52777 0.073117 0.0542862 3764
2 0.344314 0.429221 0.0171632 0.0191381 3767
2 0.334037 0.467334 0.0503784 0.0337109 3781
2 0.278441 0.439373 0.0278329 0.0326115 3785
2 0.374614 0.424174 0.0157783 0.0220721 3748
2 0.938194 0.70262 0.152809 0.132013 3798
2 0.144053 0.77295 0.128832 0.177777 3801
