2 0.323756 0.534611 0.0838782 0.0675359 3348
2 0.203901 0.608738 0.120666 0.0776089 3483
2 0.305052 0.515194 0.0688141 0.0457354 3627
2 0.222207 0.554056 0.0875038 0.0510872 3689
2 0.392675 0.429575 0.0261171 0.0267007 3692
2 0.364251 0.433835 0.0240572 0.0288165 3733
2 0.228082 0.464653 0.0361727 0.0328043 3747
2 0.344722 0.430047 0.0171567 0.0192551 3767
2 0.255499 0.486724 0.0557562 0.0369003 3781
2 0.278624 0.440581 0.0299781 0.0341857 3785
2 0.375148 0.424858 0.0157561 0.0220632 3748
2 0.346854 0.708286 0.152934 0.176903 3801
