2 0.324978 0.53461 0.0829249 0.0670516 3348
2 0.203297 0.60938 0.119826 0.0772416 3483
2 0.333386 0.494874 0.0479603 0.0284959 3627
2 0.222104 0.554201 0.087579 0.0512214 3689
2 0.392226 0.430489 0.0257896 0.0265572 3692
2 0.363829 0.434496 0.0238896 0.0286361 3733
2 0.17025 0.48604 0.046599 0.0391503 3747
2 0.34422 0.430545 0.0171474 0.0193473 3767
2 0.0979388 0.533484 0.0712537 0.0480137 3781
2 0.269104 0.446379 0.0328192 0.0342201 3785
2 0.37464 0.425105 0.0153826 0.0215084 3748
2 0.633513 0.646975 0.15016 0.144803 3801
