2 0.323677 0.534526 0.0839245 0.0674843 3348
2 0.204098 0.608513 0.121076 0.0778085 3483
2 0.304494 0.515531 0.070812 0.0471993 3627
2 0.22229 0.553603 0.0871843 0.0508865 3689
2 0.39255 0.429541 0.0259796 0.0265282 3692
2 0.364278 0.433587 0.0240717 0.0288113 3733
2 0.231603 0.462643 0.035693 0.0323806 3747
2 0.0290627 0.558774 0.0759223 0.0581293 3764
2 0.344638 0.42974 0.0170897 0.0191422 3767
2 0.278746 0.481271 0.0534433 0.0352569 3781
2 0.278304 0.440059 0.0290768 0.0334023 3785
2 0.375126 0.424577 0.0154943 0.0216136 3748
2 0.294199 0.725144 0.14563 0.1747 3801
