2 0.350536 0.519892 0.075877 0.061716 3348
2 0.213576 0.604216 0.12008 0.0783678 3483
2 0.40766 0.462164 0.0530435 0.0343612 3627
2 0.246149 0.54477 0.0878763 0.0525954 3689
2 0.392559 0.429903 0.0261799 0.0269452 3692
2 0.364057 0.434169 0.0238494 0.0285146 3733
2 0.344353 0.430425 0.0168303 0.0189506 3767
2 0.374787 0.424888 0.0151883 0.0213075 3748
2 0.260775 0.783692 0.125809 0.150893 3802
2 0.959104 0.638675 0.155229 0.133309 3801
2 0.235991 0.458929 0.0433972 0.0414886 3785
2 0.966034 0.482961 0.0463209 0.0408479 3803
