2 0.393314 0.494951 0.065423 0.0539397 3348
2 0.243685 0.587585 0.112584 0.075279 3483
2 0.452192 0.43549 0.0359918 0.0261446 3627
2 0.290578 0.524456 0.0826081 0.0530115 3689
2 0.392116 0.43 0.0257708 0.0265064 3692
2 0.363786 0.433893 0.0238784 0.028521 3733
2 0.344073 0.429981 0.0169156 0.0190798 3767
2 0.374663 0.424661 0.0146785 0.0205972 3748
2 0.480055 0.73373 0.146188 0.148432 3802
2 0.187423 0.47698 0.0544732 0.0470963 3785
2 0.830503 0.457706 0.046368 0.0363941 3803
2 0.28557 0.43631 0.0154331 0.0191373 3805
2 0.0187562 0.704416 0.0231448 0.0655193 3806
2 0.0557283 0.814739 0.0807972 0.102002 3807
