2 0.451106 0.460978 0.0496883 0.0420663 3348
2 0.321166 0.543304 0.088091 0.0607842 3483
2 0.464807 0.412317 0.0217836 0.0194296 3627
2 0.356074 0.490099 0.0640353 0.0445064 3689
2 0.392002 0.429548 0.0255906 0.0263029 3692
2 0.363819 0.433394 0.0239324 0.0285973 3733
2 0.344285 0.429467 0.0170084 0.0192724 3767
2 0.374661 0.424188 0.0148933 0.0208412 3748
2 0.751263 0.700807 0.148926 0.136452 3802
2 0.0947525 0.511885 0.0788875 0.0625637 3785
2 0.735395 0.440057 0.0455213 0.0305756 3803
2 0.276307 0.443637 0.0193263 0.0228858 3805
2 0.0830904 0.665074 0.0565345 0.103781 3806
2 0.323501 0.735514 0.123421 0.128609 3807
