2 0.465446 0.45126 0.0441847 0.0383836 3348
2 0.349943 0.526763 0.0799809 0.0558343 3483
2 0.377633 0.477916 0.0576403 0.0411693 3689
2 0.392238 0.429129 0.0260643 0.0268318 3692
2 0.363854 0.433209 0.0239196 0.0285392 3733
2 0.344209 0.42933 0.0169241 0.0191633 3767
2 0.374651 0.424304 0.0154062 0.0216014 3748
2 0.851631 0.698021 0.155202 0.131866 3802
2 0.0568619 0.529366 0.0845103 0.0668918 3785
2 0.71837 0.436761 0.0456451 0.029498 3803
2 0.268717 0.44769 0.0213863 0.024259 3805
2 0.124249 0.641905 0.0643544 0.0974249 3806
2 0.426841 0.707061 0.126284 0.124033 3807
2 0.455054 0.409174 0.0167942 0.0177296 3808
