2 0.433133 0.471303 0.055127 0.0461125 3348
2 0.293199 0.559693 0.0958514 0.0653779 3483
2 0.466999 0.417596 0.0253239 0.0212806 3627
2 0.333589 0.501966 0.0708699 0.0480022 3689
2 0.392288 0.428925 0.0258725 0.0265418 3692
2 0.363951 0.433118 0.0240593 0.0287654 3733
2 0.344322 0.429247 0.0170523 0.0192892 3767
2 0.374897 0.423986 0.0153628 0.021589 3748
2 0.64943 0.713102 0.162458 0.155976 3802
2 0.131535 0.497846 0.0701044 0.0567293 3785
2 0.759167 0.4439 0.0457154 0.0320652 3803
2 0.281283 0.440012 0.0175934 0.0214355 3805
2 0.0589254 0.684008 0.0456427 0.103802 3806
2 0.211593 0.767091 0.118792 0.132768 3807
