2 0.483729 0.439793 0.0367792 0.0339835 3348
2 0.389922 0.503153 0.0671786 0.0481773 3483
2 0.407595 0.461397 0.0485721 0.0363446 3689
2 0.392646 0.429529 0.0260478 0.0267765 3692
2 0.363927 0.433817 0.0237897 0.0282954 3733
2 0.344357 0.429869 0.0168549 0.0190991 3767
2 0.374775 0.424345 0.014948 0.0209639 3748
2 0.96416 0.706068 0.145847 0.127377 3802
2 0.705117 0.434864 0.0463169 0.0286206 3803
2 0.252399 0.455971 0.0255334 0.0265342 3805
2 0.192081 0.607417 0.0702351 0.0861688 3806
2 0.559251 0.677382 0.126072 0.118428 3807
2 0.439274 0.403625 0.0148541 0.0155106 3808
2 0.318094 0.416868 0.0171493 0.0184037 3809
2 0.0480664 0.822444 0.0487179 0.107748 3810
2 0.980573 0.485682 0.0268063 0.0344056 3811
