2 0.498946 0.423522 0.0219403 0.0222451 3483
2 0.45619 0.41176 0.0184603 0.0193708 3689
2 0.392471 0.428882 0.025683 0.0262381 3692
2 0.364049 0.433242 0.0237216 0.0282216 3733
2 0.344506 0.429115 0.0169804 0.0192107 3767
2 0.375036 0.424018 0.0152145 0.0211843 3748
2 0.705726 0.434412 0.0511787 0.0290702 3803
2 0.433185 0.469807 0.0473863 0.0432154 3806
2 0.336397 0.421827 0.0200857 0.0195689 3809
2 0.785032 0.664515 0.118244 0.120225 3810
2 0.820771 0.457097 0.0511671 0.0347471 3811
2 0.471183 0.40459 0.0153611 0.0190044 3819
