2 0.496852 0.430556 0.0279313 0.0259775 3483
2 0.460202 0.41566 0.020209 0.020595 3689
2 0.392412 0.42931 0.0257742 0.0263652 3692
2 0.363979 0.433423 0.0241173 0.0287416 3733
2 0.344128 0.428976 0.0174107 0.0197186 3767
2 0.375018 0.424216 0.0154514 0.0215357 3748
2 0.705393 0.434878 0.050498 0.0288234 3803
2 0.0510414 0.537689 0.0611603 0.0449904 3805
2 0.41125 0.483609 0.0516273 0.0472076 3806
2 0.334829 0.420962 0.0204274 0.020773 3809
2 0.690469 0.668181 0.103869 0.117294 3810
2 0.830721 0.459535 0.0486625 0.0350486 3811
2 0.477661 0.407645 0.0154449 0.0194503 3819
