2 0.487502 0.438115 0.0338474 0.0290485 3483
2 0.46123 0.419255 0.0230916 0.0222334 3689
2 0.392339 0.42902 0.0261764 0.0267926 3692
2 0.363923 0.433327 0.0240067 0.0285589 3733
2 0.344119 0.429258 0.0172473 0.0194674 3767
2 0.374854 0.424278 0.0152356 0.0212105 3748
2 0.704927 0.434579 0.0502701 0.028915 3803
2 0.0999912 0.517656 0.0549377 0.0418706 3805
2 0.385294 0.498488 0.0553665 0.0511729 3806
2 0.331609 0.419522 0.0210963 0.0221439 3809
2 0.559343 0.688014 0.11072 0.134698 3810
2 0.844885 0.461634 0.0466646 0.0357291 3811
2 0.485224 0.410826 0.01782 0.022585 3819
