2 0.392324 0.428825 0.026082 0.0265784 3692
2 0.363767 0.432864 0.0240682 0.0289662 3733
2 0.343852 0.429245 0.0169442 0.0189142 3767
2 0.374303 0.424211 0.015579 0.0222672 3748
2 0.705903 0.433636 0.0521582 0.0289762 3803
2 0.790647 0.450611 0.0585068 0.032193 3811
2 0.320586 0.41816 0.0130129 0.0178732 3826
2 0.79074 0.675787 0.141461 0.109087 3831
2 0.419295 0.394396 0.0113808 0.0109606 3823
2 0.333081 0.421528 0.0179434 0.0224227 3836
2 0.465925 0.404147 0.01678 0.0184623 3839
2 0.0780686 0.810153 0.129326 0.173232 3843
