2 0.392583 0.428358 0.0260204 0.0264405 3692
2 0.364024 0.432465 0.0239819 0.028909 3733
2 0.344293 0.428872 0.0171566 0.0190897 3767
2 0.375317 0.42419 0.0157752 0.0227843 3748
2 0.706504 0.432967 0.0527355 0.02928 3803
2 0.790321 0.449666 0.05937 0.032544 3811
2 0.320849 0.417918 0.0128599 0.0177324 3826
2 0.902274 0.688316 0.155464 0.114068 3831
2 0.412804 0.392243 0.0121691 0.0112632 3823
2 0.333437 0.421476 0.0173471 0.0215424 3836
2 0.459206 0.400995 0.0150256 0.0163001 3839
2 0.135518 0.790981 0.163748 0.212527 3843
