2 0.391815 0.429901 0.0261636 0.0267028 3692
2 0.363762 0.433996 0.0237057 0.0285203 3733
2 0.343971 0.430133 0.0168621 0.0186546 3767
2 0.374635 0.425031 0.0147527 0.0210522 3748
2 0.705621 0.43521 0.0525333 0.0290954 3803
2 0.788052 0.451709 0.0591444 0.0320512 3811
2 0.320255 0.418955 0.0128168 0.0179564 3826
2 0.398329 0.39092 0.0136211 0.0126839 3823
2 0.333155 0.422161 0.0182826 0.0229114 3836
2 0.442678 0.398164 0.0145603 0.015261 3839
2 0.338446 0.736399 0.189823 0.21802 3843
2 0.454601 0.429109 0.0279055 0.0257067 3847
