2 0.392725 0.428007 0.0257944 0.0263298 3692
2 0.364486 0.432259 0.0240482 0.0288204 3733
2 0.344631 0.428159 0.0177762 0.0198197 3767
2 0.375498 0.423413 0.01545 0.0220813 3748
2 0.70697 0.432902 0.0529833 0.029322 3803
2 0.789662 0.449094 0.0602968 0.0324563 3811
2 0.321519 0.416968 0.0130264 0.018585 3826
2 0.334088 0.421355 0.0176739 0.0218858 3836
2 0.412621 0.391746 0.0110769 0.0105543 3839
2 0.44851 0.405336 0.0173851 0.0178854 3847
0 0.838897 0.872328 0.0685362 0.119997 3849
0 0.623982 0.423798 0.00588601 0.0268834 3851
