2 0.392399 0.428919 0.0261986 0.0269016 3692
2 0.364202 0.433171 0.0242187 0.0287997 3733
2 0.344675 0.429692 0.0167564 0.0185742 3767
2 0.369704 0.423918 0.0236698 0.0211765 3748
2 0.70665 0.433623 0.0531074 0.0294473 3803
2 0.788646 0.449914 0.0599735 0.0321316 3811
2 0.321474 0.417992 0.0126823 0.0187077 3826
2 0.333528 0.421432 0.0183079 0.0235755 3836
2 0.367882 0.385952 0.00924212 0.00885722 3839
2 0.389065 0.390571 0.010257 0.010067 3847
0 0.83756 0.856386 0.0594339 0.110774 3849
0 0.602981 0.436264 0.00645243 0.0291806 3851
1 0.824656 0.89921 0.0790843 0.119079 3853
0 0.61325 0.436784 0.00581627 0.0286843 3854
2 0.95738 0.511326 0.0508591 0.0566588 3856
