2 0.392922 0.428306 0.0256305 0.0261581 3692
2 0.365079 0.433479 0.0228646 0.0272187 3733
2 0.345088 0.429049 0.0173723 0.0194978 3767
2 0.369868 0.423496 0.0249374 0.0230913 3748
2 0.707665 0.432783 0.0530081 0.0293951 3803
2 0.789452 0.448502 0.0613263 0.0329063 3811
2 0.321553 0.41756 0.0126944 0.0186552 3826
2 0.33384 0.421044 0.0183691 0.0233701 3836
2 0.375728 0.386299 0.0100834 0.0097804 3839
2 0.399658 0.393008 0.0105234 0.0101842 3847
0 0.842952 0.855467 0.0606237 0.115483 3849
0 0.608986 0.431658 0.00611121 0.0278898 3851
1 0.829112 0.900647 0.0787506 0.118769 3853
0 0.618381 0.432894 0.00597439 0.029151 3854
