2 0.392432 0.429348 0.0260237 0.0266575 3692
2 0.364388 0.433763 0.024128 0.0286934 3733
2 0.34419 0.430098 0.0176501 0.018929 3767
2 0.370054 0.424446 0.0238658 0.0207614 3748
2 0.706472 0.433875 0.0528217 0.0292645 3803
2 0.787696 0.447364 0.0513779 0.0263059 3811
2 0.320693 0.418681 0.0118229 0.0179376 3826
2 0.333159 0.421944 0.018098 0.0237773 3836
0 0.83937 0.859668 0.0583043 0.106088 3849
1 0.826308 0.899738 0.0788118 0.119634 3853
2 0.783067 0.478365 0.0630625 0.0487546 3856
0 0.60009 0.443767 0.00626551 0.0316451 3854
