2 0.392476 0.429538 0.0257199 0.0263343 3692
2 0.364324 0.43388 0.0241004 0.0286506 3733
2 0.344436 0.430451 0.0175383 0.0188568 3767
2 0.370078 0.424529 0.0241577 0.0210795 3748
2 0.706688 0.434081 0.0524686 0.0290581 3803
2 0.788074 0.44895 0.0573787 0.0305944 3811
2 0.320703 0.418478 0.0120538 0.0185521 3826
2 0.333267 0.422208 0.017906 0.0234301 3836
0 0.839164 0.860126 0.0586917 0.106741 3849
1 0.826595 0.90089 0.0790966 0.119977 3853
2 0.807727 0.483064 0.0612117 0.0503654 3856
0 0.592762 0.443062 0.00644404 0.0301021 3851
0 0.602632 0.442232 0.00630894 0.0320052 3854
