2 0.392201 0.429237 0.0258518 0.0265512 3692
2 0.363973 0.433489 0.0239424 0.0285596 3733
2 0.344265 0.430024 0.0167254 0.0180733 3767
2 0.369757 0.424088 0.0244115 0.0214391 3748
2 0.70627 0.433778 0.0527722 0.02927 3803
2 0.788007 0.449953 0.0601112 0.0322697 3811
2 0.32057 0.418025 0.012382 0.0189265 3826
2 0.333256 0.421642 0.0180879 0.0236289 3836
2 0.361181 0.385421 0.00870873 0.00851203 3839
0 0.839658 0.863151 0.0608416 0.111257 3849
0 0.59599 0.4401 0.00602036 0.027833 3851
1 0.824858 0.900496 0.0776222 0.118119 3853
0 0.606532 0.43936 0.00588385 0.0294314 3854
2 0.854737 0.490375 0.0570447 0.0524207 3856
