2 0.392161 0.429951 0.0256031 0.0261616 3692
2 0.364326 0.433857 0.024113 0.0287098 3733
2 0.344337 0.430268 0.0176743 0.0189645 3767
2 0.373179 0.424592 0.0227059 0.0209682 3748
2 0.706386 0.43421 0.0521626 0.028824 3803
2 0.788428 0.450705 0.0615636 0.0320953 3811
2 0.320511 0.418915 0.0120424 0.0181051 3826
2 0.33345 0.422292 0.0179468 0.0232917 3836
0 0.836875 0.869933 0.0679838 0.126751 3849
1 0.823618 0.89772 0.077154 0.118876 3853
2 0.735331 0.470582 0.066205 0.0462456 3856
0 0.592372 0.447229 0.00629215 0.0333144 3854
1 0.879524 0.980381 0.0706028 0.0391573 3858
0 0.581198 0.447787 0.00683174 0.0324492 3851
