2 0.39266 0.429246 0.0257369 0.0262299 3692
2 0.364539 0.433599 0.0239133 0.0284437 3733
2 0.344637 0.429833 0.0177198 0.0190574 3767
2 0.370663 0.424323 0.0231057 0.020615 3748
2 0.706492 0.4338 0.0532351 0.0294769 3803
2 0.788841 0.449963 0.0617758 0.0320136 3811
2 0.32107 0.418549 0.0119682 0.0180385 3826
2 0.333672 0.421886 0.0176314 0.0229164 3836
0 0.837502 0.867219 0.0667 0.123252 3849
1 0.824208 0.896881 0.0782121 0.120389 3853
2 0.744073 0.471427 0.0657389 0.0467405 3856
0 0.594378 0.446782 0.00641314 0.0336737 3854
3 0.880238 0.9801 0.0717053 0.0398107 3858
0 0.583638 0.445441 0.00657558 0.0313869 3851
