2 0.391562 0.42976 0.025623 0.0264848 3692
2 0.363831 0.43381 0.0244777 0.0287995 3733
2 0.344003 0.430196 0.017792 0.0186881 3767
2 0.374211 0.424882 0.0182573 0.0217223 3748
2 0.705224 0.434595 0.054412 0.028722 3803
2 0.786446 0.450989 0.0596952 0.0319887 3811
2 0.319562 0.418662 0.0118924 0.0178656 3826
2 0.332822 0.421958 0.0187858 0.0235127 3836
0 0.833857 0.861719 0.0573717 0.107468 3849
1 0.823831 0.898666 0.0747399 0.117021 3853
2 0.694176 0.465124 0.0689458 0.0428325 3856
1 0.877868 0.978993 0.0698207 0.0408899 3858
0 0.549269 0.465424 0.00866356 0.0394561 3851
0 0.561573 0.464933 0.00839303 0.0378707 3854
