2 0.392059 0.428926 0.0257391 0.0266296 3692
2 0.364282 0.433294 0.0243639 0.0286305 3733
2 0.344245 0.429537 0.0179124 0.0188779 3767
2 0.373767 0.424147 0.0190038 0.0208636 3748
2 0.705561 0.433619 0.0538401 0.0282612 3803
2 0.786859 0.449688 0.0605907 0.0324648 3811
2 0.320311 0.418472 0.0115361 0.017736 3826
2 0.333253 0.42148 0.0186973 0.0234962 3836
0 0.83551 0.863116 0.0579087 0.111242 3849
1 0.823874 0.897797 0.0758154 0.11943 3853
2 0.694521 0.463901 0.0679597 0.0427845 3856
0 0.878939 0.979185 0.0721962 0.041676 3858
0 0.55758 0.459666 0.00828775 0.0376896 3851
0 0.571172 0.460709 0.00783564 0.0364992 3854
