2 0.391938 0.429329 0.0253956 0.026321 3692
2 0.364402 0.433487 0.0242097 0.0285913 3733
2 0.344388 0.429616 0.017806 0.0187896 3767
2 0.370637 0.424503 0.0199991 0.0213582 3748
2 0.705926 0.432724 0.0510281 0.0267591 3803
2 0.787081 0.449806 0.0610306 0.0325754 3811
2 0.320468 0.418507 0.0116451 0.0176494 3826
2 0.333387 0.421707 0.0183962 0.0231651 3836
0 0.836917 0.860981 0.0559273 0.105977 3849
1 0.823538 0.896784 0.0766094 0.121019 3853
2 0.699101 0.464348 0.0676917 0.0433946 3856
0 0.87877 0.978886 0.0747084 0.0422924 3858
0 0.56377 0.456975 0.00791817 0.0369675 3851
0 0.575999 0.457513 0.00736917 0.0356212 3854
