2 0.391876 0.428946 0.0258944 0.0267683 3692
2 0.364139 0.433353 0.0243222 0.0285649 3733
2 0.344368 0.429815 0.0175995 0.0184748 3767
2 0.374439 0.424243 0.0181872 0.0212109 3748
2 0.705316 0.43384 0.0543388 0.0285658 3803
2 0.786723 0.450006 0.0601936 0.0322632 3811
2 0.319887 0.418068 0.0120094 0.0181837 3826
2 0.332902 0.42161 0.018448 0.0230863 3836
0 0.834978 0.865985 0.0616007 0.117415 3849
1 0.824135 0.898249 0.0749066 0.117576 3853
2 0.694324 0.464094 0.0685959 0.0427265 3856
0 0.878085 0.979632 0.0696678 0.0407386 3858
0 0.551478 0.463792 0.00877406 0.0392965 3851
0 0.564612 0.463957 0.00847994 0.0380202 3854
