2 0.391868 0.429768 0.0253333 0.0262298 3692
2 0.364709 0.433765 0.024601 0.0289989 3733
2 0.344132 0.430039 0.0180468 0.0190254 3767
2 0.374401 0.424936 0.0162955 0.0217419 3748
2 0.705829 0.434625 0.0539296 0.029006 3803
2 0.786848 0.450948 0.0594048 0.0318241 3811
2 0.320279 0.418428 0.0116611 0.017772 3826
2 0.332982 0.421987 0.0188533 0.023473 3836
0 0.834225 0.859503 0.0584321 0.103292 3849
1 0.824064 0.899341 0.0756601 0.117293 3853
2 0.695756 0.465348 0.0704724 0.0430624 3856
0 0.89734 0.977933 0.0542413 0.0431975 3858
0 0.527737 0.477612 0.00952641 0.0430511 3851
0 0.53933 0.477178 0.00947882 0.0425212 3854
0 0.723064 0.828426 0.0526885 0.117379 3859
2 0.167839 0.789659 0.15378 0.147728 3860
1 0.719739 0.885833 0.0472388 0.109248 3861
