2 0.391988 0.429556 0.0254033 0.0263731 3692
2 0.364547 0.433425 0.0243542 0.0287884 3733
2 0.344526 0.430184 0.0177599 0.0187401 3767
2 0.374743 0.424711 0.0169227 0.021635 3748
2 0.706205 0.434536 0.0545691 0.0290731 3803
2 0.787306 0.450691 0.0592299 0.0316798 3811
2 0.320811 0.418774 0.0113348 0.017234 3826
2 0.33349 0.421873 0.0185255 0.0231692 3836
0 0.834654 0.862851 0.0605466 0.108725 3849
1 0.824335 0.899062 0.0752594 0.117093 3853
2 0.695577 0.464863 0.0695757 0.0427564 3856
0 0.894721 0.978964 0.0600452 0.0416713 3858
0 0.539593 0.471197 0.0090114 0.0413672 3851
0 0.551285 0.470794 0.00909672 0.0409556 3854
0 0.75622 0.922703 0.064896 0.13877 3859
