2 0.392053 0.429047 0.0253602 0.0262112 3692
2 0.364432 0.433073 0.0244278 0.0288314 3733
2 0.344527 0.42966 0.0179188 0.0188562 3767
2 0.375047 0.424625 0.0181266 0.0223273 3748
2 0.705917 0.433941 0.0545823 0.0288852 3803
2 0.787156 0.449874 0.0604336 0.0324335 3811
2 0.320284 0.417673 0.0119141 0.0178636 3826
2 0.333217 0.421466 0.0184823 0.0231184 3836
0 0.835304 0.862006 0.0580615 0.108037 3849
1 0.824719 0.898581 0.0752551 0.117559 3853
2 0.695067 0.46407 0.0691232 0.0427163 3856
0 0.892155 0.97881 0.0653742 0.0414521 3858
0 0.546021 0.466986 0.00881017 0.0400612 3851
0 0.557665 0.467453 0.00904719 0.0400195 3854
