2 0.391729 0.429933 0.0258709 0.0268694 3692
2 0.364126 0.434034 0.0244942 0.0289383 3733
2 0.344039 0.430475 0.0179757 0.0189559 3767
2 0.374291 0.425317 0.0166001 0.0215347 3748
2 0.705921 0.435591 0.0531569 0.0283513 3803
2 0.78663 0.451609 0.0591872 0.031646 3811
2 0.319987 0.418883 0.0113482 0.0172676 3826
2 0.33298 0.422365 0.0186491 0.0232886 3836
0 0.834148 0.862045 0.0596446 0.107361 3849
1 0.823499 0.899603 0.0754615 0.117154 3853
2 0.695375 0.466007 0.0704931 0.0432675 3856
0 0.896852 0.978826 0.056549 0.041522 3858
0 0.534918 0.474345 0.00898682 0.0412277 3851
0 0.545931 0.474123 0.00933704 0.0419924 3854
0 0.73733 0.866709 0.0545749 0.11781 3859
