2 0.391772 0.429016 0.0253202 0.0261352 3692
2 0.36395 0.433204 0.0244485 0.0287229 3733
2 0.344064 0.429369 0.018119 0.01896 3767
2 0.374051 0.424365 0.0161071 0.021663 3748
2 0.70512 0.434043 0.0535852 0.028576 3803
2 0.78661 0.450135 0.0601433 0.0324016 3811
2 0.319721 0.417609 0.0119558 0.0177479 3826
2 0.332994 0.421343 0.0187989 0.0231464 3836
0 0.835534 0.865769 0.0662589 0.117922 3849
1 0.824196 0.898918 0.0755857 0.117206 3853
2 0.695908 0.464657 0.0705893 0.0426972 3856
1 0.878804 0.976969 0.0646576 0.0432787 3858
0 0.503547 0.488545 0.010809 0.0467025 3851
0 0.51945 0.489632 0.0105947 0.0457322 3854
0 0.696528 0.761682 0.0455012 0.120596 3859
2 0.666851 0.648024 0.131779 0.121713 3860
1 0.701912 0.8126 0.0332036 0.0798678 3861
