2 0.391971 0.428737 0.025465 0.0263321 3692
2 0.364101 0.432998 0.0244315 0.0287046 3733
2 0.344292 0.429271 0.0178587 0.0186805 3767
2 0.37452 0.424502 0.0165828 0.022338 3748
2 0.705724 0.433806 0.054323 0.0290504 3803
2 0.786999 0.449606 0.060707 0.032699 3811
2 0.319966 0.417721 0.0118327 0.0175986 3826
2 0.333245 0.421202 0.0187947 0.0231841 3836
0 0.836356 0.866311 0.0672398 0.11936 3849
1 0.824613 0.898682 0.0757663 0.117483 3853
2 0.696152 0.464298 0.0698538 0.042266 3856
1 0.879184 0.976892 0.0640472 0.0436547 3858
0 0.506142 0.487197 0.0108266 0.0462035 3851
0 0.521321 0.487209 0.0106193 0.0460543 3854
0 0.703666 0.774669 0.0478253 0.123112 3859
2 0.614403 0.656462 0.138402 0.130151 3860
1 0.706461 0.820596 0.0423468 0.0997419 3861
