2 0.392057 0.429259 0.0256931 0.0266687 3692
2 0.364382 0.433466 0.0243317 0.0286756 3733
2 0.344485 0.429675 0.0178637 0.0187609 3767
2 0.371599 0.424487 0.0165873 0.0212326 3748
2 0.705693 0.434401 0.0528433 0.0283387 3803
2 0.786961 0.450501 0.0600654 0.0322276 3811
2 0.320144 0.417872 0.0116588 0.0176458 3826
2 0.333348 0.421819 0.0184387 0.0228806 3836
0 0.834923 0.857416 0.0573024 0.0998372 3849
1 0.824745 0.899266 0.0759401 0.117699 3853
2 0.696113 0.464994 0.0702934 0.0428498 3856
1 0.885605 0.977018 0.0554557 0.0437312 3858
0 0.522219 0.479696 0.00975428 0.0439159 3851
0 0.534315 0.480201 0.0100814 0.0439624 3854
0 0.721382 0.817921 0.0532448 0.120837 3859
2 0.294712 0.749764 0.156549 0.148144 3860
1 0.722651 0.871334 0.0475808 0.110544 3861
