2 0.391705 0.429209 0.025625 0.026525 3692
2 0.363982 0.433481 0.0245289 0.0287705 3733
2 0.343951 0.429527 0.0179518 0.0188207 3767
2 0.374116 0.42448 0.0161369 0.0215921 3748
2 0.705095 0.434259 0.0530748 0.0282867 3803
2 0.786491 0.450429 0.0597144 0.0320827 3811
2 0.319626 0.4182 0.0120147 0.0179531 3826
2 0.332785 0.421581 0.0190731 0.0235518 3836
0 0.835776 0.863309 0.0646558 0.113561 3849
1 0.824479 0.898814 0.0757934 0.117338 3853
2 0.695804 0.464918 0.0700471 0.042467 3856
1 0.878274 0.976844 0.0628838 0.0436633 3858
0 0.508647 0.485982 0.0104099 0.0458962 3851
0 0.522481 0.486685 0.0108207 0.0457198 3854
0 0.709095 0.784713 0.04905 0.123019 3859
2 0.55712 0.668186 0.139527 0.131969 3860
1 0.711195 0.836176 0.0425419 0.100945 3861
