2 0.392281 0.429092 0.0258396 0.0267585 3692
2 0.364677 0.433549 0.0243613 0.0287195 3733
2 0.344409 0.429928 0.0178204 0.0187002 3767
2 0.374737 0.424501 0.0159566 0.0214207 3748
2 0.706135 0.434266 0.0536268 0.0288494 3803
2 0.787349 0.450371 0.0599309 0.0321363 3811
2 0.320553 0.41829 0.0118811 0.0180996 3826
2 0.333459 0.421895 0.0185899 0.0231099 3836
0 0.835385 0.858148 0.0579315 0.101971 3849
1 0.824914 0.899134 0.0761221 0.118066 3853
2 0.696009 0.464813 0.0704094 0.0429504 3856
0 0.897638 0.977805 0.0528823 0.0431667 3858
0 0.525528 0.478064 0.00944185 0.0433564 3851
0 0.536625 0.478759 0.0101237 0.0433458 3854
0 0.721162 0.825411 0.0556452 0.125269 3859
2 0.231937 0.770254 0.156921 0.149452 3860
1 0.720987 0.878158 0.047213 0.109727 3861
