2 0.391526 0.429161 0.0256224 0.0262451 3692
2 0.363708 0.433489 0.0241452 0.0283145 3733
2 0.343875 0.429513 0.0179416 0.0188941 3767
2 0.373742 0.424489 0.0155894 0.0213552 3748
2 0.70516 0.434205 0.0532241 0.028468 3803
2 0.786133 0.450456 0.0593955 0.0320463 3811
2 0.31933 0.417925 0.0121048 0.0177047 3826
2 0.332609 0.421445 0.0188052 0.0231387 3836
0 0.835812 0.856441 0.0598468 0.10273 3849
1 0.824541 0.898814 0.0752653 0.117215 3853
2 0.695802 0.464863 0.0706889 0.042593 3856
1 0.878415 0.9772 0.0700783 0.0431964 3858
0 0.484879 0.501957 0.0105515 0.0493742 3851
0 0.498774 0.50058 0.0116815 0.0502267 3854
2 0.960363 0.481475 0.0353455 0.0406962 3863
