2 0.391829 0.428762 0.0254841 0.0262517 3692
2 0.364 0.433003 0.0244194 0.0286844 3733
2 0.344155 0.429179 0.0184166 0.0193867 3767
2 0.374069 0.424311 0.0159047 0.021605 3748
2 0.705211 0.433594 0.0534108 0.0283682 3803
2 0.786606 0.44973 0.0601062 0.0324785 3811
2 0.319751 0.417622 0.0120143 0.0177575 3826
2 0.332993 0.421128 0.0187917 0.0231726 3836
0 0.836281 0.859166 0.0611148 0.10716 3849
1 0.822666 0.899128 0.0754219 0.118322 3853
2 0.696015 0.464269 0.0706333 0.0426397 3856
1 0.879651 0.977207 0.067201 0.0430359 3858
0 0.49637 0.491751 0.0102952 0.045787 3851
0 0.510477 0.493888 0.0114041 0.0473006 3854
0 0.670511 0.713443 0.0399734 0.1152 3859
2 0.842076 0.639953 0.134407 0.117056 3860
2 0.983861 0.486159 0.0220257 0.029683 3863
