2 0.391502 0.430015 0.0256108 0.0262427 3692
2 0.363825 0.434069 0.0244971 0.0287698 3733
2 0.343798 0.430323 0.0179648 0.0189109 3767
2 0.37383 0.425137 0.015873 0.021785 3748
2 0.705283 0.434697 0.0534571 0.0285673 3803
2 0.786173 0.451124 0.0590523 0.0318302 3811
2 0.31953 0.418695 0.012223 0.0179762 3826
2 0.332737 0.422098 0.0188865 0.0232473 3836
0 0.835931 0.856941 0.0617403 0.105886 3849
1 0.824768 0.898591 0.0759033 0.118417 3853
2 0.695891 0.465551 0.0710324 0.0428775 3856
1 0.878919 0.97674 0.0725038 0.0442254 3858
0 0.477967 0.50482 0.010594 0.0484243 3851
0 0.495074 0.504298 0.0111285 0.0497624 3854
2 0.947646 0.47944 0.040549 0.0406507 3863
