2 0.391935 0.429903 0.0260507 0.0268341 3692
2 0.364449 0.434166 0.0246827 0.0291312 3733
2 0.344238 0.430194 0.0180586 0.0187939 3767
2 0.371151 0.424793 0.0173452 0.02168 3748
2 0.70567 0.435111 0.0530497 0.0286104 3803
2 0.786691 0.451697 0.0587577 0.0316095 3811
2 0.319579 0.418506 0.0125518 0.0184428 3826
2 0.332884 0.421929 0.0189605 0.0232854 3836
0 0.83601 0.856458 0.0649827 0.112724 3849
1 0.825523 0.899746 0.0760765 0.12102 3853
2 0.696069 0.466248 0.070853 0.0428893 3856
1 0.876993 0.976211 0.0776321 0.0475746 3858
0 0.46082 0.519203 0.0119436 0.0550893 3851
2 0.919582 0.475754 0.0584936 0.0384609 3863
1 0.528804 0.578708 0.0234877 0.0458607 3868
0 0.471337 0.516662 0.0112858 0.0523202 3854
