2 0.393653 0.431756 0.0256856 0.0263303 3692
2 0.366251 0.435328 0.0254061 0.0296681 3733
2 0.344689 0.431263 0.0182453 0.0186295 3767
2 0.375226 0.426453 0.0173422 0.02261 3748
2 0.704926 0.435861 0.052981 0.0286806 3803
2 0.786405 0.452154 0.0594454 0.0319544 3811
2 0.319698 0.419587 0.0124033 0.0179559 3826
2 0.333056 0.423265 0.0188069 0.0231831 3836
0 0.81282 0.831556 0.0647373 0.120728 3849
1 0.806548 0.877731 0.0723599 0.11755 3853
2 0.695792 0.466851 0.0710133 0.0430112 3856
0 0.879203 0.970784 0.0854768 0.0573624 3858
0 0.455268 0.527022 0.0110058 0.0516217 3851
2 0.917399 0.476058 0.065067 0.0379372 3863
1 0.509548 0.559127 0.0226272 0.0439907 3868
0 0.465266 0.526271 0.0115523 0.056632 3854
0 0.508662 0.542394 0.0141929 0.0630716 3874
0 0.755882 0.962199 0.0586233 0.0752727 3875
