2 0.410644 0.435335 0.028763 0.0290212 3692
2 0.378598 0.437953 0.0276339 0.0325448 3733
2 0.347336 0.430998 0.0193288 0.0187699 3767
2 0.380165 0.423989 0.0173625 0.0191529 3748
2 0.677412 0.430216 0.0509262 0.0271429 3803
2 0.785878 0.450855 0.0592985 0.0319183 3811
2 0.32024 0.418444 0.0124981 0.0179946 3826
2 0.333826 0.422578 0.0187072 0.0232771 3836
0 0.737146 0.737276 0.0455427 0.102923 3849
1 0.734644 0.769552 0.0536498 0.0934205 3853
2 0.696262 0.464684 0.0722695 0.0440945 3856
1 0.831169 0.940729 0.125536 0.11571 3858
0 0.455768 0.547017 0.0125125 0.0613955 3851
2 0.918451 0.474714 0.0738949 0.0386926 3863
1 0.48619 0.542038 0.0195544 0.0348405 3868
0 0.469631 0.54198 0.0116414 0.0609749 3854
0 0.484836 0.525502 0.0138854 0.0589563 3874
0 0.689191 0.862389 0.0839941 0.126609 3875
2 0.0432896 0.703391 0.0467962 0.0849764 3876
0 0.835205 0.899336 0.0977572 0.116917 3877
