2 0.394862 0.431007 0.025179 0.025661 3692
2 0.367206 0.434462 0.0250705 0.0291395 3733
2 0.345096 0.430402 0.0184453 0.0186955 3767
2 0.37637 0.425077 0.0168449 0.0217995 3748
2 0.704462 0.434998 0.0524063 0.0283515 3803
2 0.786775 0.451634 0.059565 0.0320365 3811
2 0.320093 0.41847 0.0124207 0.0180053 3826
2 0.333229 0.42228 0.0189216 0.0233877 3836
0 0.804118 0.820933 0.0641524 0.123946 3849
1 0.798421 0.863938 0.0692541 0.114235 3853
2 0.696318 0.46604 0.0714135 0.0432806 3856
3 0.875797 0.968226 0.0919638 0.0631511 3858
0 0.455062 0.530723 0.0118753 0.0569045 3851
2 0.917824 0.475649 0.0668987 0.0381544 3863
1 0.506246 0.555027 0.0218306 0.0424754 3868
0 0.464382 0.528205 0.0115686 0.0577528 3854
0 0.504317 0.538737 0.0141221 0.0622741 3874
0 0.7452 0.954427 0.0703816 0.0910494 3875
