2 0.466308 0.448503 0.0401131 0.0387954 3692
2 0.414354 0.448341 0.0333691 0.0397478 3733
2 0.36323 0.434024 0.0239465 0.0228614 3767
2 0.399177 0.428898 0.0243632 0.0244578 3748
2 0.600966 0.417558 0.0385394 0.0227521 3803
2 0.7603 0.445267 0.0561328 0.0303754 3811
2 0.322049 0.417645 0.013081 0.0180261 3826
2 0.337766 0.421605 0.019631 0.0240829 3836
0 0.652189 0.643913 0.0305254 0.0753431 3849
2 0.696255 0.46354 0.0714929 0.0440312 3856
1 0.734206 0.792801 0.0738236 0.0968173 3858
0 0.474011 0.568253 0.0132774 0.0657778 3851
2 0.918348 0.473986 0.078104 0.0387981 3863
0 0.489497 0.562955 0.0123208 0.0602711 3854
2 0.186836 0.618473 0.0751279 0.0836611 3876
0 0.730322 0.746761 0.0741269 0.112246 3877
