2 0.491768 0.455469 0.0454873 0.0434083 3692
2 0.429902 0.453908 0.0366786 0.0428585 3733
2 0.370041 0.436617 0.025036 0.0239816 3767
2 0.408552 0.432162 0.0271634 0.0273573 3748
2 0.576806 0.415521 0.0332097 0.0196688 3803
2 0.745068 0.442669 0.0538729 0.0293215 3811
2 0.323138 0.41868 0.0135399 0.0183629 3826
2 0.339422 0.423154 0.0205794 0.0250489 3836
2 0.696126 0.464467 0.0700134 0.043025 3856
1 0.707506 0.755188 0.0643283 0.0901656 3858
0 0.480329 0.57772 0.0150608 0.0734793 3851
2 0.917161 0.473636 0.07799 0.038634 3863
0 0.495573 0.572013 0.013988 0.0688501 3854
2 0.211671 0.606191 0.078596 0.079629 3876
0 0.703755 0.720292 0.0657108 0.109674 3877
