2 0.569467 0.477646 0.0619408 0.0569506 3692
2 0.473719 0.468542 0.0469595 0.0535217 3733
2 0.389462 0.443124 0.0283446 0.0270441 3767
2 0.434759 0.43892 0.0320099 0.0321414 3748
2 0.539041 0.408723 0.0317368 0.0192822 3803
2 0.704704 0.433274 0.0463677 0.0252405 3811
2 0.324963 0.418765 0.0147871 0.0198565 3826
2 0.345343 0.425497 0.0208857 0.0249348 3836
2 0.695978 0.463947 0.0697701 0.0427589 3856
1 0.66209 0.693912 0.0484118 0.0768964 3858
0 0.493677 0.594176 0.0153493 0.0742085 3851
2 0.911379 0.471547 0.076326 0.0392339 3863
0 0.509505 0.585274 0.0152575 0.0732628 3854
2 0.247299 0.587308 0.0839127 0.0756879 3876
0 0.659381 0.660317 0.0426573 0.0862831 3877
2 0.371534 0.423684 0.0204363 0.0181993 3881
0 0.589908 0.601166 0.0420823 0.0825458 3853
0 0.588532 0.722814 0.0537141 0.106097 3875
