2 0.471341 0.472406 0.0436963 0.0397777 3767
2 0.539853 0.467597 0.0510953 0.0497229 3748
2 0.470589 0.401234 0.0228997 0.0149696 3803
2 0.600497 0.427917 0.0482082 0.0271957 3811
2 0.334157 0.423556 0.0167555 0.0217052 3826
2 0.364214 0.433602 0.0255889 0.0290146 3836
2 0.695799 0.464691 0.0716115 0.044068 3856
0 0.524502 0.624607 0.0168392 0.0773881 3851
2 0.817377 0.4572 0.0669097 0.0339595 3863
0 0.543705 0.614982 0.0170709 0.0764028 3854
2 0.298232 0.560648 0.0844698 0.0654089 3876
2 0.391337 0.429647 0.0232814 0.0208843 3881
1 0.531813 0.571014 0.0231481 0.0450011 3853
0 0.536475 0.676875 0.034045 0.094622 3875
0 0.530912 0.556463 0.0230587 0.0689164 3849
1 0.588582 0.610419 0.0373636 0.0650998 3858
2 0.705915 0.548053 0.110945 0.0996157 3692
