2 0.629444 0.496344 0.0739213 0.0667403 3692
2 0.402734 0.448073 0.0306326 0.0291015 3767
2 0.45286 0.443732 0.0350978 0.0348661 3748
2 0.520041 0.406858 0.0280107 0.0171315 3803
2 0.681199 0.430761 0.0469831 0.0255082 3811
2 0.327227 0.420139 0.0142557 0.0192156 3826
2 0.348876 0.427013 0.021983 0.0259397 3836
2 0.695445 0.464393 0.0697091 0.0426273 3856
0 0.498607 0.604017 0.0167633 0.078529 3851
2 0.891319 0.469091 0.0731235 0.0372438 3863
0 0.51552 0.592057 0.0155129 0.0737513 3854
2 0.261797 0.57989 0.0841283 0.0721019 3876
2 0.374498 0.424906 0.0210946 0.018807 3881
1 0.57517 0.605884 0.0313784 0.0617747 3853
0 0.572567 0.708772 0.0457925 0.100938 3875
0 0.574901 0.589107 0.0295384 0.0797307 3849
