2 0.420334 0.453628 0.034293 0.032232 3767
2 0.47523 0.449635 0.0401728 0.0396985 3748
2 0.502633 0.404364 0.0265576 0.0165391 3803
2 0.658829 0.426447 0.0438119 0.0240854 3811
2 0.328878 0.420476 0.0151661 0.0201187 3826
2 0.353272 0.428945 0.0230715 0.0269394 3836
2 0.696139 0.463811 0.0716644 0.0438491 3856
0 0.50707 0.609565 0.0162348 0.0760261 3851
2 0.871596 0.465499 0.0724613 0.0367429 3863
0 0.524065 0.598924 0.0162482 0.0753851 3854
2 0.277771 0.573008 0.0861268 0.070573 3876
2 0.379256 0.425646 0.0218887 0.0196007 3881
1 0.560616 0.596162 0.0285197 0.0556411 3853
0 0.559408 0.698306 0.0425383 0.101645 3875
0 0.558542 0.576355 0.0267944 0.0753541 3849
2 0.548826 0.494954 0.0633741 0.0699187 3733
