2 0.430861 0.457477 0.0364229 0.0340122 3767
2 0.488352 0.453386 0.0422441 0.0415 3748
2 0.494039 0.403506 0.0266614 0.0168245 3803
2 0.645456 0.424318 0.0385831 0.0212206 3811
2 0.329716 0.421328 0.0157413 0.0207674 3826
2 0.355524 0.429881 0.0236354 0.0274145 3836
2 0.695735 0.464214 0.0717563 0.0439961 3856
0 0.510813 0.612731 0.0159396 0.0758418 3851
2 0.859189 0.46406 0.0722248 0.0366293 3863
0 0.528598 0.603535 0.0169989 0.0783715 3854
2 0.283257 0.570133 0.0856564 0.0688709 3876
2 0.381498 0.426743 0.0219831 0.019724 3881
1 0.552926 0.590383 0.0283693 0.055757 3853
0 0.554482 0.690982 0.0392497 0.0979619 3875
0 0.553784 0.570845 0.0259914 0.0723363 3849
2 0.575402 0.505105 0.0689154 0.0749465 3733
2 0.67252 0.437967 0.0691959 0.0301511 3889
