2 0.422205 0.395127 0.0179068 0.0128367 3803
2 0.483965 0.410096 0.0289647 0.0185103 3811
2 0.354407 0.431181 0.0216443 0.0265823 3826
2 0.4018 0.446497 0.0357163 0.03826 3836
2 0.696425 0.465215 0.0718761 0.044087 3856
0 0.569498 0.667644 0.0203339 0.0915901 3851
2 0.685698 0.433249 0.0491065 0.0256647 3863
0 0.587035 0.65848 0.0206322 0.0902595 3854
2 0.325061 0.545744 0.0803497 0.0597586 3876
2 0.429261 0.440014 0.0292687 0.0259321 3881
1 0.494493 0.552274 0.0215604 0.0377363 3853
0 0.508968 0.634945 0.0256122 0.0859533 3875
0 0.492131 0.533717 0.0180349 0.0611591 3849
0 0.534709 0.559345 0.025441 0.0687786 3858
1 0.537992 0.577827 0.0148373 0.0466559 3893
2 0.332978 0.423224 0.0178489 0.0207053 3896
2 0.527719 0.409982 0.0244226 0.0183663 3898
2 0.796215 0.566185 0.0998443 0.0898961 3733
2 0.273294 0.410104 0.00839459 0.0122422 3902
2 0.891249 0.565753 0.114074 0.0965033 3692
