2 0.407106 0.393868 0.0141339 0.010162 3803
2 0.454589 0.406396 0.0246729 0.016331 3811
2 0.365519 0.435736 0.0238876 0.0283675 3826
2 0.424302 0.454521 0.0412334 0.0428329 3836
2 0.695915 0.465728 0.0712967 0.0438194 3856
0 0.583898 0.688607 0.0211691 0.0976173 3851
2 0.638491 0.426245 0.0438676 0.0235378 3863
0 0.601007 0.674181 0.0198291 0.0858752 3854
2 0.328113 0.540765 0.0858973 0.0650172 3876
2 0.450782 0.445111 0.031185 0.0277397 3881
1 0.486995 0.545562 0.0243067 0.0425852 3853
0 0.500052 0.622885 0.0239109 0.0831384 3875
0 0.484432 0.530157 0.0167109 0.0565899 3849
0 0.518708 0.551321 0.0211947 0.0646744 3858
1 0.522014 0.568299 0.0170132 0.0445198 3893
2 0.33805 0.42445 0.0206232 0.0242596 3896
2 0.499484 0.406557 0.0217794 0.0162669 3898
2 0.273439 0.411673 0.0098876 0.0145281 3902
0 0.481223 0.498288 0.010688 0.0297305 3899
