2 0.410858 0.45071 0.0344327 0.0379196 3826
2 0.540275 0.495126 0.0748655 0.0715039 3836
2 0.694879 0.466211 0.0715018 0.0441589 3856
2 0.532915 0.411954 0.0313005 0.0186571 3863
2 0.326801 0.540419 0.0844729 0.0662896 3876
1 0.477281 0.540899 0.0221393 0.0386584 3853
0 0.475848 0.595409 0.0207035 0.0744769 3875
0 0.474849 0.524805 0.0161448 0.0591944 3849
0 0.495896 0.536988 0.0155172 0.0574236 3858
1 0.500119 0.557091 0.0182268 0.0377916 3893
2 0.359933 0.435507 0.0212068 0.024445 3896
2 0.438918 0.398375 0.0180532 0.0135774 3898
2 0.276834 0.41839 0.0103989 0.0151465 3902
2 0.3284 0.421004 0.0182953 0.0206008 3904
0 0.654109 0.741763 0.0326158 0.113645 3905
