2 0.419426 0.399433 0.0209138 0.0148775 3811
2 0.390626 0.443636 0.0295366 0.0335878 3826
2 0.483166 0.472031 0.0583546 0.0572647 3836
2 0.695665 0.465484 0.0710529 0.0438271 3856
2 0.568358 0.416146 0.0358054 0.0206322 3863
2 0.327655 0.539611 0.0858513 0.0667053 3876
2 0.491231 0.455296 0.0383638 0.0320317 3881
1 0.477597 0.540745 0.0231061 0.0397937 3853
0 0.485528 0.603992 0.0217771 0.077249 3875
0 0.474064 0.52377 0.0164527 0.0565589 3849
0 0.50026 0.538954 0.0168743 0.058216 3858
1 0.504743 0.558462 0.0186249 0.0411296 3893
2 0.350138 0.430943 0.0194915 0.0230442 3896
2 0.459532 0.401007 0.0187495 0.0139025 3898
2 0.27536 0.415762 0.00969731 0.0142339 3902
2 0.322805 0.419861 0.0154385 0.0174511 3904
