2 0.528717 0.489235 0.063242 0.0643174 3826
2 0.70213 0.46885 0.0713447 0.0441516 3856
2 0.332623 0.540023 0.0819987 0.0651891 3876
1 0.484903 0.544215 0.0207779 0.0344361 3853
0 0.455242 0.570521 0.0177591 0.0665493 3875
1 0.507043 0.557194 0.0211665 0.0395237 3893
2 0.419169 0.454084 0.0320312 0.0349603 3896
2 0.29453 0.425701 0.0147265 0.0203317 3902
2 0.358717 0.430831 0.0209815 0.0240817 3904
0 0.734026 0.864775 0.0352295 0.121239 3905
2 0.382977 0.425574 0.0212993 0.0205183 3906
0 0.694169 0.893863 0.0377875 0.124471 3915
0 0.505583 0.540253 0.0120726 0.0584683 3918
2 0.842172 0.561877 0.0965576 0.0744585 3836
2 0.347502 0.415541 0.0157989 0.0164532 3926
2 0.920934 0.480133 0.063559 0.0427781 3880
0 0.485338 0.525024 0.0164869 0.0585151 3849
