2 0.493424 0.476774 0.0533416 0.054994 3826
2 0.702012 0.469014 0.0709442 0.0438416 3856
2 0.332607 0.540554 0.0820451 0.0651285 3876
1 0.484736 0.544888 0.0199032 0.0334963 3853
0 0.461487 0.573153 0.0183847 0.0676883 3875
0 0.485073 0.525728 0.0160518 0.0574834 3849
1 0.50723 0.558164 0.0209266 0.0395842 3893
2 0.403372 0.449096 0.0289062 0.0320613 3896
2 0.292418 0.424623 0.0134172 0.0182805 3902
2 0.351892 0.429122 0.0198653 0.0228726 3904
0 0.714948 0.833624 0.032875 0.115128 3905
2 0.376305 0.42404 0.0203861 0.0196966 3906
0 0.677265 0.857752 0.037447 0.122433 3915
0 0.505825 0.539282 0.0117413 0.0573163 3918
2 0.737058 0.533003 0.0779736 0.0631315 3836
2 0.684226 0.441081 0.0650131 0.0301393 3889
