2 0.550424 0.495108 0.0687668 0.0694352 3826
2 0.70262 0.467486 0.0710962 0.0440149 3856
2 0.333003 0.538589 0.0824331 0.0656173 3876
1 0.484687 0.54248 0.0211611 0.0351742 3853
0 0.453166 0.567968 0.0178382 0.0672255 3875
1 0.507084 0.555701 0.0206973 0.0381626 3893
2 0.428669 0.456094 0.0342612 0.0371039 3896
2 0.295305 0.426154 0.0147575 0.0205248 3902
2 0.362863 0.430079 0.0220858 0.025361 3904
0 0.743356 0.882166 0.0362011 0.121718 3905
2 0.387258 0.425516 0.02197 0.0210855 3906
0 0.706508 0.905282 0.0359414 0.117951 3915
0 0.506645 0.53854 0.0119529 0.0583112 3918
2 0.908564 0.578553 0.107036 0.0803873 3836
2 0.349444 0.414688 0.0151132 0.0157277 3926
2 0.895397 0.473047 0.0623248 0.0409195 3880
0 0.484781 0.524983 0.0168338 0.0588428 3849
0 0.485914 0.495444 0.00984777 0.0262257 3899
