2 0.510235 0.482534 0.057853 0.0591901 3826
2 0.702427 0.469174 0.0706685 0.0436929 3856
2 0.332742 0.539942 0.0826438 0.065696 3876
1 0.484974 0.544657 0.0201988 0.0336861 3853
0 0.45833 0.571363 0.0181138 0.0672142 3875
1 0.507387 0.557182 0.0219332 0.0414829 3893
2 0.411008 0.451372 0.0303661 0.0334282 3896
2 0.293607 0.424961 0.013967 0.0190754 3902
2 0.355178 0.429834 0.019916 0.0228383 3904
0 0.724679 0.845445 0.0319251 0.112564 3905
2 0.379478 0.424559 0.0207827 0.0200673 3906
0 0.687578 0.872626 0.0362177 0.119071 3915
0 0.505719 0.539673 0.0120886 0.058853 3918
2 0.786124 0.546006 0.0875063 0.0693164 3836
2 0.965583 0.487312 0.0417732 0.0426039 3924
2 0.686491 0.434776 0.0663279 0.0334818 3889
0 0.486088 0.526113 0.0147858 0.0572858 3858
