2 0.450709 0.462761 0.0443036 0.0469671 3826
2 0.698072 0.467005 0.0708108 0.0436968 3856
2 0.497313 0.406925 0.0250266 0.0157294 3863
2 0.329305 0.540443 0.0831811 0.0658377 3876
1 0.48116 0.543861 0.0197763 0.0338974 3853
0 0.466186 0.582282 0.0203641 0.0732969 3875
0 0.480339 0.524845 0.01547 0.0572609 3849
1 0.503613 0.557688 0.0190336 0.0370544 3893
2 0.381314 0.441938 0.0258684 0.0292565 3896
2 0.284361 0.422084 0.0111205 0.0156017 3902
2 0.339168 0.424827 0.0195921 0.0224668 3904
0 0.690289 0.792662 0.0324513 0.113411 3905
2 0.363688 0.420942 0.0181722 0.0176934 3906
0 0.48387 0.49682 0.009456 0.0258066 3899
2 0.808421 0.464071 0.0693869 0.0435912 3914
