2 0.477919 0.471896 0.0497843 0.051779 3826
2 0.700528 0.469278 0.0704538 0.0434909 3856
2 0.48082 0.40607 0.0221786 0.0142593 3863
2 0.331627 0.54087 0.0831457 0.0660332 3876
1 0.483662 0.544801 0.0202604 0.0344909 3853
0 0.463225 0.576054 0.0185795 0.0686992 3875
0 0.483885 0.526 0.0161435 0.0585387 3849
1 0.506271 0.558847 0.0201718 0.0383063 3893
2 0.395446 0.447148 0.0276929 0.0309225 3896
2 0.289979 0.424268 0.013073 0.0178791 3902
2 0.348041 0.428611 0.0188917 0.0217278 3904
0 0.705255 0.816291 0.0317796 0.109827 3905
2 0.372205 0.423701 0.019294 0.0186678 3906
0 0.671851 0.840901 0.0365309 0.1203 3915
0 0.505005 0.539866 0.0116523 0.0571037 3918
2 0.698206 0.522009 0.0693831 0.0578633 3836
