2 0.831598 0.587673 0.133388 0.118515 3826
2 0.700247 0.467168 0.0706015 0.0438403 3856
2 0.330717 0.539729 0.0827006 0.065404 3876
1 0.483041 0.54147 0.0222133 0.0376687 3853
0 0.43571 0.560712 0.0168339 0.0648245 3875
1 0.505712 0.55658 0.0211534 0.0379443 3893
2 0.527683 0.4935 0.0565328 0.0576113 3896
2 0.279376 0.440605 0.0202494 0.0272062 3902
2 0.400603 0.445618 0.0293602 0.0331013 3904
0 0.795583 0.983161 0.0185115 0.040537 3905
2 0.423199 0.43778 0.0288526 0.0268266 3906
0 0.504959 0.536923 0.0114357 0.0520333 3918
2 0.363851 0.420665 0.0174222 0.0178602 3926
0 0.482858 0.524053 0.0166088 0.0536176 3849
2 0.35194 0.429608 0.0192703 0.0211514 3935
2 0.147392 0.763548 0.119143 0.136816 3936
2 0.946743 0.481663 0.0452988 0.0405533 3924
2 0.682958 0.433067 0.0514338 0.0277511 3889
