2 0.941912 0.619106 0.1272 0.11505 3826
2 0.331035 0.540372 0.0794589 0.0625014 3876
1 0.482835 0.540576 0.0224388 0.0385824 3853
0 0.43294 0.557832 0.0162081 0.0639698 3875
1 0.506104 0.555907 0.0221317 0.03949 3893
2 0.576619 0.511052 0.0665848 0.0663228 3896
2 0.267672 0.446099 0.0228965 0.0292253 3902
2 0.418233 0.450747 0.0325088 0.0363648 3904
2 0.439931 0.441494 0.0311885 0.0287233 3906
0 0.504595 0.535239 0.0117986 0.0515018 3918
2 0.370825 0.42216 0.0183448 0.0185501 3926
0 0.482668 0.523015 0.0171068 0.0527485 3849
2 0.35984 0.431782 0.0208784 0.0227807 3935
2 0.22544 0.74191 0.129387 0.137576 3936
2 0.871692 0.466409 0.0639043 0.0377649 3880
