2 0.328652 0.538296 0.0824285 0.0650176 3876
1 0.480345 0.540403 0.0204908 0.0365814 3853
0 0.42407 0.555184 0.0159981 0.065152 3875
1 0.502855 0.553201 0.0238654 0.0414425 3893
2 0.044373 0.53411 0.0574122 0.0516846 3902
2 0.716092 0.554878 0.0981702 0.0927787 3904
2 0.695116 0.510211 0.068948 0.048807 3906
0 0.501618 0.536198 0.0139532 0.0505471 3918
2 0.433129 0.439941 0.030692 0.028583 3926
0 0.47835 0.521904 0.0183014 0.0521437 3849
2 0.475449 0.472731 0.0465687 0.0455016 3935
2 0.503165 0.676373 0.153167 0.129589 3936
2 0.390768 0.442752 0.0239842 0.025225 3950
2 0.396689 0.425997 0.0236106 0.0247162 3952
2 0.698131 0.465254 0.0685584 0.0434388 3856
2 0.364266 0.418462 0.0209802 0.0206873 3964
2 0.33893 0.419061 0.0210944 0.024386 3965
