2 0.329456 0.538761 0.0829414 0.0651676 3876
3 0.480852 0.541595 0.0202372 0.0353858 3853
0 0.424036 0.556224 0.0161547 0.064015 3875
1 0.503841 0.555737 0.0221056 0.0377726 3893
2 0.141248 0.494924 0.0465506 0.0447408 3902
2 0.566652 0.503146 0.0652028 0.0661211 3904
2 0.569489 0.476975 0.0539435 0.0440504 3906
0 0.502548 0.53691 0.0134274 0.0501818 3918
2 0.405789 0.432065 0.0248187 0.0233838 3926
0 0.478473 0.521745 0.0171905 0.0505254 3849
2 0.420179 0.453382 0.0343657 0.0351461 3935
2 0.453653 0.684997 0.14965 0.130918 3936
2 0.365008 0.43387 0.0195896 0.021225 3950
2 0.379158 0.42149 0.0205835 0.0221641 3952
2 0.698704 0.466251 0.0676507 0.043588 3856
