2 0.328757 0.537754 0.0828718 0.0659837 3876
1 0.480689 0.539876 0.0191838 0.0349466 3853
0 0.424843 0.555577 0.0152087 0.0637015 3875
1 0.502457 0.551333 0.0231106 0.0405223 3893
0 0.50044 0.535209 0.0151566 0.0533498 3918
2 0.533846 0.468044 0.0484962 0.0425858 3926
0 0.478971 0.519345 0.0195657 0.0540122 3849
2 0.528197 0.672574 0.15785 0.128405 3936
2 0.501831 0.480633 0.0458612 0.0435096 3950
2 0.451289 0.44034 0.0361769 0.035762 3952
2 0.698118 0.463752 0.0702685 0.0437081 3856
2 0.399933 0.427184 0.0284751 0.0281231 3964
2 0.378015 0.435683 0.0254748 0.0295343 3965
2 0.927522 0.504456 0.0494876 0.0560011 3968
2 0.325003 0.417685 0.0145988 0.0187043 3981
2 0.833223 0.457513 0.0685361 0.0383928 3880
