2 0.32826 0.537433 0.0834841 0.0661741 3876
1 0.480348 0.53998 0.0196019 0.0352743 3853
0 0.424242 0.554611 0.0158309 0.0655288 3875
1 0.502621 0.552978 0.0225513 0.0392416 3893
2 0.857701 0.556957 0.0867 0.0685462 3904
0 0.501176 0.535628 0.0148217 0.053183 3918
2 0.460911 0.44665 0.0358606 0.0327354 3926
0 0.478786 0.52041 0.0185126 0.0525269 3849
2 0.540745 0.49617 0.0628073 0.0594348 3935
2 0.52271 0.672924 0.154753 0.128565 3936
2 0.420153 0.45155 0.0295243 0.0300156 3950
2 0.412644 0.428933 0.0262067 0.0263888 3952
2 0.697748 0.464 0.0693559 0.0434354 3856
2 0.375756 0.420122 0.0233675 0.0230437 3964
2 0.350198 0.423193 0.0228381 0.0266047 3965
2 0.967276 0.513916 0.0332732 0.0524205 3968
2 0.673638 0.429689 0.0468744 0.0259503 3889
