2 0.328452 0.538055 0.0827137 0.0653058 3876
1 0.4801 0.5401 0.0203635 0.0365028 3853
0 0.424164 0.554884 0.0159174 0.0652217 3875
1 0.50247 0.553155 0.0237981 0.0414323 3893
2 0.772431 0.572076 0.110133 0.101908 3904
2 0.739957 0.520998 0.0756859 0.0512422 3906
0 0.501191 0.535729 0.0141976 0.0509547 3918
2 0.441487 0.442259 0.0317941 0.029342 3926
0 0.478533 0.521995 0.0181628 0.0517762 3849
2 0.493926 0.479533 0.0510567 0.0493193 3935
2 0.510803 0.675181 0.153828 0.12948 3936
2 0.399359 0.445735 0.0253083 0.0263342 3950
2 0.401817 0.4269 0.0241153 0.0249125 3952
2 0.69763 0.465268 0.0690624 0.0435726 3856
2 0.367323 0.419291 0.0220957 0.021803 3964
2 0.342179 0.419452 0.0223456 0.0258921 3965
2 0.981868 0.520686 0.0263343 0.0434858 3968
2 0.726664 0.440704 0.04818 0.0290652 3914
