2 0.328444 0.538086 0.0826796 0.0659172 3876
1 0.48031 0.539615 0.0191723 0.0350466 3853
0 0.424354 0.555737 0.0152516 0.06412 3875
1 0.502137 0.552683 0.0219117 0.0380645 3893
0 0.499972 0.535642 0.0157495 0.0551313 3918
2 0.576755 0.479938 0.0571923 0.0495692 3926
0 0.47914 0.521647 0.0190794 0.0534158 3849
2 0.526655 0.673243 0.158994 0.128585 3936
2 0.55277 0.499281 0.0561739 0.0517809 3950
2 0.472131 0.446125 0.0402881 0.0393231 3952
2 0.69777 0.463819 0.0701689 0.0434604 3856
2 0.412446 0.430721 0.0296832 0.0291777 3964
2 0.39298 0.4413 0.0282082 0.0322368 3965
2 0.910901 0.502141 0.0547155 0.0546875 3968
2 0.328784 0.41942 0.0158776 0.0202255 3981
2 0.372889 0.421537 0.0200016 0.0192103 3989
2 0.0433329 0.827692 0.0588744 0.108684 3992
