2 0.328442 0.538051 0.0824569 0.0658448 3876
1 0.480361 0.540002 0.0192939 0.0354389 3853
0 0.424472 0.555611 0.0153987 0.0646443 3875
1 0.50205 0.553093 0.0232534 0.0402344 3893
0 0.500646 0.535837 0.0157348 0.055659 3918
2 0.6654 0.505209 0.0675727 0.0552229 3926
0 0.47996 0.522284 0.0194917 0.0556674 3849
2 0.525242 0.673355 0.160282 0.128768 3936
2 0.513022 0.457171 0.0492467 0.0475276 3952
2 0.697584 0.463885 0.0700558 0.0430198 3856
2 0.434562 0.43619 0.0329982 0.031969 3964
2 0.421908 0.450891 0.0348979 0.0390752 3965
2 0.891899 0.499769 0.062529 0.053718 3968
2 0.336251 0.423342 0.0163036 0.0201382 3981
2 0.388685 0.426152 0.022577 0.021554 3989
2 0.0863238 0.809864 0.0773551 0.128894 3992
2 0.355017 0.415555 0.0166146 0.0187592 3996
2 0.685362 0.42989 0.0526185 0.0300611 3889
