2 0.328441 0.537976 0.0827498 0.0660216 3876
1 0.480289 0.539662 0.0193629 0.0354924 3853
0 0.424255 0.555767 0.015236 0.0641595 3875
1 0.502122 0.552545 0.0221375 0.0382784 3893
0 0.500295 0.535524 0.0156924 0.0550256 3918
2 0.600987 0.488043 0.0599222 0.0516932 3926
0 0.479407 0.521561 0.0186044 0.0530042 3849
2 0.52604 0.673065 0.159373 0.128558 3936
2 0.584465 0.510389 0.0628721 0.057051 3950
2 0.48421 0.449272 0.0432182 0.0420546 3952
2 0.697727 0.463633 0.0704484 0.0435547 3856
2 0.41927 0.432671 0.0304348 0.029844 3964
2 0.401703 0.444115 0.0299565 0.033952 3965
2 0.903596 0.501039 0.0576587 0.0545861 3968
2 0.331733 0.420522 0.0154718 0.01939 3981
2 0.377963 0.423071 0.020792 0.0199372 3989
2 0.0578847 0.821007 0.0622616 0.112733 3992
2 0.94881 0.630531 0.133444 0.0930211 3993
2 0.349211 0.413588 0.0157631 0.0178244 3996
