2 0.329069 0.537821 0.0820744 0.0656664 3876
1 0.48116 0.540144 0.0190886 0.035153 3853
0 0.424909 0.555588 0.0149934 0.0639534 3875
1 0.502834 0.55284 0.0232584 0.0405333 3893
0 0.50146 0.534288 0.0147945 0.05241 3918
0 0.479032 0.521497 0.0194082 0.0524779 3849
2 0.524299 0.673974 0.160708 0.127924 3936
2 0.654359 0.498546 0.0777037 0.070423 3952
2 0.699086 0.463419 0.0712248 0.0437235 3856
2 0.499979 0.451012 0.0446877 0.0392617 3964
2 0.524324 0.486283 0.0602715 0.0637935 3965
2 0.883609 0.499415 0.0726891 0.0504695 3968
2 0.359871 0.43069 0.0213201 0.0250001 3981
2 0.429065 0.43621 0.0297201 0.0275917 3989
2 0.16306 0.788865 0.139179 0.159 3992
2 0.378941 0.42198 0.0201167 0.0223558 3996
2 0.32824 0.418703 0.017543 0.019861 4003
2 0.97485 0.590975 0.0884685 0.0720179 3935
