2 0.32899 0.538015 0.0819262 0.0655276 3876
1 0.481094 0.540782 0.0191651 0.0352863 3853
0 0.424752 0.555778 0.0149055 0.0636229 3875
1 0.502753 0.552789 0.0226 0.0392341 3893
0 0.501289 0.535387 0.0151672 0.0538619 3918
0 0.479348 0.521923 0.0191437 0.052338 3849
2 0.524089 0.674106 0.160798 0.127824 3936
2 0.692483 0.509905 0.085021 0.0759636 3952
2 0.69845 0.463655 0.0703948 0.0430865 3856
2 0.515716 0.457211 0.0510213 0.0449184 3964
2 0.551666 0.496721 0.0660079 0.069058 3965
2 0.883464 0.500515 0.0734421 0.0497019 3968
2 0.364985 0.432745 0.0224873 0.0261256 3981
2 0.437328 0.439162 0.0303288 0.0277935 3989
2 0.17893 0.783872 0.147115 0.159694 3992
2 0.383772 0.423667 0.0209613 0.0231623 3996
2 0.331277 0.420019 0.0170519 0.0191153 4003
