2 0.329149 0.537588 0.0822418 0.0658502 3876
1 0.481386 0.54041 0.0191819 0.035319 3853
0 0.424966 0.555559 0.0149392 0.0637041 3875
1 0.502863 0.552753 0.022896 0.0397829 3893
0 0.501182 0.535335 0.0152986 0.0541927 3918
0 0.480238 0.521538 0.0191833 0.0528616 3849
2 0.524222 0.673964 0.160996 0.127829 3936
2 0.73636 0.520691 0.0934815 0.082174 3952
2 0.698735 0.463517 0.0713995 0.0437563 3856
2 0.533595 0.462386 0.0564449 0.0497124 3964
2 0.584345 0.508467 0.0736771 0.0760762 3965
2 0.884355 0.50019 0.0751647 0.0497485 3968
2 0.37088 0.434088 0.0235586 0.0271036 3981
2 0.446985 0.441195 0.0317081 0.0286909 3989
2 0.19275 0.778689 0.152421 0.157795 3992
2 0.389257 0.424727 0.0219502 0.0241529 3996
2 0.333468 0.420451 0.0178155 0.0199688 4003
