2 0.329253 0.537038 0.0823457 0.0659906 3876
1 0.481238 0.53968 0.0188775 0.0347348 3853
0 0.425211 0.555365 0.0149685 0.0637226 3875
1 0.502868 0.552516 0.0229359 0.0398593 3893
0 0.50135 0.534601 0.0152334 0.0540467 3918
0 0.479884 0.521165 0.0189918 0.0531674 3849
2 0.524196 0.673588 0.161317 0.127974 3936
2 0.786957 0.532851 0.104557 0.0902308 3952
2 0.699216 0.46309 0.0723272 0.0445026 3856
2 0.553528 0.468057 0.0608117 0.0533728 3964
2 0.623068 0.522177 0.0823217 0.0836448 3965
2 0.884929 0.499746 0.0767278 0.049781 3968
2 0.377198 0.435807 0.0244767 0.0278362 3981
2 0.457328 0.443864 0.0329325 0.0293394 3989
2 0.204592 0.774797 0.158218 0.157235 3992
2 0.39518 0.42592 0.0228004 0.0249723 3996
2 0.336349 0.420801 0.0179362 0.0199205 4003
2 0.0448939 0.651254 0.08003 0.075489 4015
