2 0.328958 0.538507 0.0816186 0.0653772 3876
1 0.481065 0.541517 0.0191415 0.0353473 3853
0 0.42492 0.556257 0.0148816 0.0640009 3875
1 0.502431 0.553882 0.0226864 0.0390665 3893
0 0.50086 0.535993 0.0152821 0.0540438 3918
0 0.478706 0.522049 0.0203269 0.0529234 3849
2 0.523042 0.674301 0.161715 0.127946 3936
2 0.698645 0.464557 0.0682091 0.0417944 3856
2 0.698117 0.511849 0.0890727 0.0751903 3964
2 0.884746 0.501457 0.0833183 0.0502115 3968
2 0.417518 0.4499 0.0337919 0.0368666 3981
2 0.52318 0.463141 0.0477739 0.0404219 3989
2 0.234648 0.764633 0.179205 0.154418 3992
2 0.429364 0.435956 0.0278639 0.0292952 3996
2 0.353612 0.428372 0.0219758 0.0240947 4003
2 0.147938 0.593155 0.0785608 0.0684137 4015
2 0.935534 0.620883 0.153963 0.113762 3993
