2 0.328847 0.538533 0.0817942 0.0655143 3876
1 0.481027 0.541814 0.0192365 0.035577 3853
0 0.424969 0.556292 0.0148618 0.0639338 3875
1 0.502384 0.553871 0.0231079 0.0398548 3893
0 0.500867 0.5359 0.0151646 0.053582 3918
0 0.479198 0.522005 0.0202251 0.0528269 3849
2 0.523125 0.67441 0.162838 0.128874 3936
2 0.698473 0.465237 0.0698863 0.0428264 3856
2 0.884411 0.501223 0.0831824 0.0496619 3968
2 0.428014 0.453803 0.0354319 0.038197 3981
2 0.541315 0.468638 0.0515368 0.0431751 3989
2 0.235667 0.764334 0.182235 0.15379 3992
2 0.437544 0.437933 0.0288542 0.0298615 3996
2 0.357603 0.429285 0.0230894 0.0252321 4003
2 0.165297 0.584685 0.0776923 0.0662407 4015
2 0.757571 0.531641 0.0898745 0.0860437 3965
