2 0.328485 0.539242 0.0821674 0.065711 3876
3 0.480423 0.540578 0.0197408 0.0367366 3853
0 0.42468 0.557037 0.0147476 0.0637482 3875
1 0.501916 0.553772 0.0225823 0.0388901 3893
0 0.500358 0.536059 0.0150317 0.0523837 3918
0 0.478941 0.519945 0.0181707 0.0473801 3849
2 0.522385 0.674917 0.161613 0.127607 3936
2 0.698068 0.465907 0.0707122 0.0433059 3856
2 0.884382 0.500843 0.0872689 0.0500653 3968
2 0.506472 0.479725 0.0550965 0.0591509 3981
2 0.674216 0.509505 0.0777161 0.0595796 3989
2 0.23377 0.765334 0.196027 0.153566 3992
2 0.485306 0.45044 0.0348525 0.0333674 3996
2 0.386161 0.440027 0.0278212 0.0295157 4003
2 0.224567 0.55721 0.0754571 0.0587203 4015
2 0.357673 0.431023 0.0207306 0.0214314 4026
