2 0.328797 0.539324 0.0819321 0.0653125 3876
1 0.481069 0.542001 0.0188934 0.0349229 3853
0 0.424881 0.556595 0.0146916 0.0639563 3875
1 0.502657 0.55427 0.0225644 0.0388889 3893
0 0.50091 0.535849 0.0153457 0.0532578 3918
0 0.481182 0.522018 0.0194361 0.0524174 3849
2 0.522381 0.674477 0.16252 0.127998 3936
2 0.698277 0.464927 0.071135 0.0436755 3856
2 0.885162 0.500442 0.0887511 0.0500947 3968
2 0.668967 0.537685 0.0904698 0.0893982 3981
2 0.232774 0.765972 0.204897 0.15373 3992
2 0.568051 0.476047 0.0554255 0.050712 3996
2 0.431082 0.4538 0.0365378 0.0369334 4003
2 0.262478 0.538546 0.0721128 0.0532473 4015
2 0.386816 0.441155 0.0261704 0.0271661 4026
2 0.326073 0.418478 0.0164976 0.0160981 4032
2 0.385919 0.422507 0.0292402 0.0246803 4033
2 0.939931 0.57992 0.103003 0.0796425 3950
2 0.674545 0.430189 0.0447644 0.0273396 3889
