2 0.328469 0.539618 0.0819802 0.0653316 3876
1 0.480642 0.542037 0.019007 0.0352579 3853
0 0.424484 0.556935 0.0146485 0.0639306 3875
1 0.502148 0.55461 0.0229225 0.0395264 3893
0 0.500593 0.536432 0.0154039 0.0535606 3918
0 0.479664 0.522315 0.01967 0.0524783 3849
2 0.522154 0.674827 0.162159 0.127735 3936
2 0.697818 0.465636 0.0708015 0.0434615 3856
2 0.884517 0.500977 0.0889091 0.0503634 3968
2 0.625026 0.523416 0.0797167 0.0808267 3981
2 0.232547 0.765865 0.20311 0.153435 3992
2 0.548359 0.470815 0.0516666 0.0477998 3996
2 0.419965 0.451167 0.0342996 0.0350901 4003
2 0.25598 0.542041 0.0721377 0.0536818 4015
2 0.379971 0.43903 0.0251514 0.0260646 4026
2 0.323633 0.41779 0.016155 0.0157424 4032
2 0.379972 0.421259 0.0273978 0.0231178 4033
2 0.903414 0.57216 0.110876 0.0862041 3950
