2 0.32863 0.540082 0.0805105 0.0640923 3876
1 0.480448 0.541338 0.0190087 0.0352901 3853
0 0.424599 0.556877 0.0147458 0.0640037 3875
1 0.502077 0.554071 0.0232184 0.0401147 3893
0 0.500631 0.536467 0.0153414 0.0533513 3918
0 0.479532 0.522853 0.0204632 0.0536224 3849
2 0.522367 0.674713 0.161917 0.127685 3936
2 0.698184 0.465223 0.0713759 0.0438236 3856
2 0.884738 0.500971 0.0887951 0.0506288 3968
2 0.556855 0.498255 0.0650981 0.0681044 3981
2 0.233309 0.766059 0.200636 0.154122 3992
2 0.515117 0.460557 0.0448299 0.0423727 3996
2 0.401468 0.445158 0.0306682 0.0320001 4003
2 0.24175 0.548929 0.0739739 0.0562025 4015
2 0.368108 0.434867 0.0231972 0.024036 4026
2 0.781928 0.537409 0.0905931 0.0723001 3964
