2 0.328771 0.539133 0.081079 0.0643336 3876
1 0.480865 0.541314 0.0192599 0.0354861 3853
0 0.424847 0.556137 0.0146829 0.0637964 3875
1 0.502442 0.553673 0.022957 0.0395498 3893
0 0.500871 0.535648 0.0154455 0.0539118 3918
0 0.480443 0.521556 0.0191072 0.0517149 3849
2 0.522369 0.674285 0.162672 0.128005 3936
2 0.698178 0.464644 0.0715679 0.0438581 3856
2 0.884742 0.500816 0.0883123 0.0495778 3968
2 0.231961 0.76576 0.208162 0.153475 3992
2 0.641747 0.497861 0.0684356 0.0600672 3996
2 0.469717 0.465842 0.047087 0.04675 4003
2 0.275784 0.530429 0.0710468 0.0517883 4015
2 0.410736 0.448484 0.030829 0.0319149 4026
2 0.334055 0.421036 0.0175235 0.0172012 4032
2 0.405369 0.426494 0.031517 0.0264727 4033
2 0.903005 0.604753 0.15729 0.11809 3964
