2 0.32819 0.539312 0.0819033 0.0649928 3876
1 0.480132 0.541637 0.0193251 0.0356155 3853
0 0.424171 0.556841 0.0146781 0.063635 3875
1 0.501828 0.554527 0.0224878 0.0380705 3893
0 0.499882 0.536616 0.0157791 0.0544764 3918
0 0.478405 0.521181 0.0193078 0.0510701 3849
2 0.52166 0.674399 0.162831 0.12818 3936
2 0.697348 0.465329 0.0708253 0.0433104 3856
2 0.884139 0.500318 0.089715 0.0499017 3968
2 0.230756 0.766422 0.214522 0.153754 3992
2 0.737474 0.557574 0.106038 0.0964966 4003
2 0.286695 0.524656 0.0694244 0.0500233 4015
2 0.55193 0.49776 0.0604609 0.0589353 4026
2 0.369425 0.4345 0.0241494 0.0236855 4032
2 0.501317 0.453015 0.0554849 0.0469111 4033
2 0.679175 0.433084 0.0431777 0.0271792 3889
