2 0.327932 0.540404 0.0809462 0.0641934 3876
3 0.480483 0.541883 0.0195604 0.0360288 3853
0 0.424257 0.557402 0.0147234 0.0634796 3875
1 0.50169 0.554304 0.0223947 0.0382911 3893
0 0.499972 0.536171 0.0151663 0.0525998 3918
0 0.478338 0.520545 0.0175753 0.0473107 3849
2 0.521707 0.675111 0.162951 0.128205 3936
2 0.697013 0.466383 0.0712664 0.0435844 3856
2 0.883709 0.500846 0.0895086 0.0501121 3968
2 0.230948 0.766338 0.211953 0.153225 3992
2 0.850696 0.555015 0.107097 0.086063 3996
2 0.575271 0.503552 0.0710997 0.0687178 4003
2 0.286401 0.525599 0.0687363 0.0497404 4015
2 0.470533 0.46975 0.043016 0.0432279 4026
2 0.350639 0.42847 0.0200526 0.0197354 4032
2 0.447492 0.43932 0.0425499 0.035356 4033
2 0.698763 0.442382 0.0470839 0.0245392 3880
2 0.975334 0.488189 0.0644672 0.0369476 4038
