2 0.327754 0.539596 0.0812925 0.0644281 3876
3 0.480427 0.5416 0.0198262 0.0365031 3853
0 0.424012 0.557254 0.0146647 0.0637381 3875
1 0.501644 0.555431 0.0221415 0.0379948 3893
0 0.50017 0.536225 0.015271 0.0532442 3918
0 0.478023 0.522425 0.0198336 0.0539415 3849
2 0.521567 0.675193 0.162436 0.127709 3936
2 0.696908 0.465834 0.0705616 0.0430983 3856
2 0.883065 0.500622 0.0902465 0.0508007 3968
2 0.230799 0.766157 0.209889 0.153296 3992
2 0.708062 0.518426 0.0819249 0.0694307 3996
2 0.503745 0.478044 0.0557282 0.054948 4003
2 0.280877 0.527703 0.0704062 0.0512348 4015
2 0.430353 0.456214 0.0344454 0.0352697 4026
2 0.33954 0.423625 0.0184045 0.0180417 4032
2 0.418996 0.430867 0.0333754 0.0278004 4033
2 0.912059 0.476076 0.0423146 0.0414666 4040
