2 0.327454 0.54166 0.0782688 0.0611634 3876
1 0.480105 0.541669 0.0195552 0.036329 3853
0 0.423884 0.556692 0.0147919 0.064706 3875
1 0.501554 0.554424 0.0231684 0.0394803 3893
0 0.499817 0.536443 0.0154208 0.0533624 3918
0 0.47899 0.523367 0.0188165 0.0521544 3849
2 0.521397 0.675054 0.162264 0.127787 3936
2 0.696871 0.465925 0.0713725 0.0438102 3856
2 0.883377 0.5024 0.0898943 0.0494689 3968
2 0.230173 0.766592 0.216668 0.153973 3992
2 0.28506 0.525407 0.0691552 0.0494815 4015
2 0.413772 0.450435 0.0320213 0.0304712 4032
2 0.635871 0.493933 0.0855441 0.0692447 4033
2 0.343554 0.425127 0.0181762 0.0188688 4061
2 0.278524 0.417293 0.0109639 0.0124737 4064
2 0.827899 0.592119 0.11468 0.100738 4003
