2 0.328858 0.538321 0.082609 0.0651265 3876
1 0.480511 0.540098 0.019284 0.0358897 3853
0 0.424968 0.555409 0.0147549 0.0643859 3875
1 0.502807 0.552725 0.0235311 0.0402781 3893
0 0.501026 0.535199 0.0156743 0.0550567 3918
0 0.479849 0.521027 0.0184786 0.0525564 3849
2 0.522328 0.673437 0.16322 0.128538 3936
2 0.693979 0.462908 0.0695536 0.0429984 3856
2 0.88497 0.496807 0.0847138 0.0459245 3968
2 0.231265 0.766053 0.216518 0.153227 3992
2 0.285877 0.524798 0.0693706 0.0494183 4015
2 0.478523 0.470568 0.045989 0.0419073 4032
2 0.366978 0.433029 0.0228311 0.0232954 4061
2 0.282884 0.420448 0.0118823 0.0135686 4064
2 0.565545 0.41341 0.0282082 0.0209122 4096
2 0.352502 0.414108 0.0178005 0.0203879 4098
2 0.678708 0.436821 0.0465623 0.0282872 3889
