2 0.32852 0.538196 0.0811574 0.0642675 3876
1 0.480509 0.539744 0.0190998 0.0355404 3853
0 0.421586 0.554489 0.0145064 0.0640171 3875
1 0.502199 0.551849 0.0231754 0.0390235 3893
0 0.500919 0.535095 0.015577 0.054782 3918
0 0.478685 0.518833 0.0171114 0.0487568 3849
2 0.522281 0.673469 0.162897 0.128244 3936
2 0.677599 0.457831 0.0614777 0.0434566 3856
2 0.815212 0.484767 0.0885054 0.0507395 3968
2 0.230703 0.765592 0.21778 0.153637 3992
2 0.285242 0.524281 0.0700728 0.0498956 4015
2 0.574717 0.505844 0.0654582 0.0579385 4061
2 0.270101 0.445293 0.019824 0.0210744 4064
2 0.487171 0.449818 0.041827 0.0424013 4098
2 0.431813 0.454053 0.0349401 0.0335897 4112
2 0.476024 0.399619 0.0205766 0.015099 4096
2 0.396215 0.42794 0.0236508 0.0229536 4126
2 0.362104 0.429533 0.0233871 0.0276115 4129
2 0.794503 0.451265 0.065122 0.0335453 4085
