2 0.328558 0.537372 0.0822141 0.0654388 3876
3 0.480734 0.53823 0.020316 0.038006 3853
0 0.424337 0.553526 0.0151845 0.064896 3875
1 0.502331 0.552658 0.0229005 0.0387318 3893
0 0.500558 0.534353 0.0155595 0.054237 3918
0 0.479519 0.519808 0.0186105 0.054318 3849
2 0.522402 0.67313 0.162813 0.12826 3936
2 0.679398 0.4567 0.0669542 0.0451587 3856
2 0.845329 0.490175 0.08927 0.0500604 3968
2 0.230841 0.765604 0.217454 0.153427 3992
2 0.285166 0.524324 0.0699371 0.0497849 4015
2 0.481616 0.4715 0.0459578 0.0428861 4061
2 0.285575 0.434425 0.015555 0.0179576 4064
2 0.430992 0.43474 0.0314231 0.0336134 4098
2 0.526171 0.461309 0.0472137 0.0472693 4101
2 0.390816 0.440571 0.0272789 0.0267964 4112
2 0.514766 0.404131 0.0237242 0.0173548 4096
2 0.927853 0.619781 0.125461 0.0960466 4033
2 0.369212 0.41928 0.0193707 0.0188906 4126
2 0.962613 0.489863 0.0787273 0.0476285 4038
2 0.938836 0.471693 0.0493739 0.0336436 4040
