2 0.328016 0.538354 0.0810476 0.064362 3876
3 0.480395 0.539659 0.0194266 0.036151 3853
0 0.42244 0.554184 0.0152812 0.0646978 3875
1 0.501639 0.553057 0.0231029 0.0390158 3893
0 0.500101 0.534775 0.0157852 0.0550976 3918
0 0.478635 0.51938 0.01722 0.0507516 3849
2 0.521855 0.673723 0.162998 0.128394 3936
2 0.678701 0.458094 0.0627152 0.0426731 3856
2 0.835629 0.489074 0.0860013 0.0483116 3968
2 0.23021 0.766049 0.218295 0.154039 3992
2 0.284597 0.524407 0.0702766 0.0500483 4015
2 0.50032 0.478757 0.0503843 0.0465581 4061
2 0.282686 0.436837 0.0165373 0.0189223 4064
2 0.4424 0.438324 0.03353 0.0353826 4098
2 0.551859 0.469632 0.0521433 0.0518679 4101
2 0.398757 0.44396 0.0285464 0.0279646 4112
2 0.503613 0.403 0.0228341 0.0166878 4096
2 0.374129 0.420885 0.0209103 0.0204009 4126
2 0.688689 0.431208 0.0526013 0.0314785 3889
