2 0.328869 0.53758 0.0830936 0.0660674 3876
1 0.481172 0.539799 0.019362 0.0360076 3853
0 0.421909 0.554683 0.0139443 0.0640268 3875
1 0.5026 0.552824 0.0232927 0.0394085 3893
0 0.501068 0.535251 0.0155929 0.0550274 3918
0 0.479854 0.520873 0.0189272 0.053664 3849
2 0.522597 0.673691 0.163048 0.12835 3936
2 0.676779 0.458013 0.0576469 0.0417157 3856
2 0.803795 0.481918 0.0850173 0.0493621 3968
2 0.231129 0.765904 0.217747 0.153577 3992
2 0.28542 0.52472 0.0699844 0.0497881 4015
2 0.64416 0.529831 0.0824428 0.0702788 4061
2 0.256152 0.452642 0.0240451 0.0239877 4064
2 0.527493 0.460849 0.0502263 0.0503034 4098
2 0.458593 0.463332 0.0404741 0.0384971 4112
2 0.460567 0.397113 0.0192009 0.014199 4096
2 0.413335 0.433441 0.0252635 0.0243197 4126
2 0.374489 0.434025 0.0260796 0.0306998 4129
2 0.725729 0.439002 0.045366 0.031254 4135
2 0.68395 0.437768 0.0498896 0.0293431 3889
