2 0.328354 0.538685 0.0802231 0.063514 3876
1 0.4804 0.539466 0.0193564 0.0360682 3853
0 0.421698 0.554253 0.0146617 0.0637318 3875
1 0.502083 0.552678 0.0225551 0.0379267 3893
0 0.500559 0.534791 0.0156291 0.0546475 3918
0 0.478519 0.513226 0.0132142 0.0373222 3849
2 0.522365 0.673753 0.162459 0.127901 3936
2 0.677855 0.457994 0.0612672 0.0426451 3856
2 0.821768 0.486296 0.0870164 0.049379 3968
2 0.230751 0.765605 0.217843 0.153707 3992
2 0.285106 0.524311 0.0703064 0.0500937 4015
2 0.546745 0.495431 0.0603875 0.0544425 4061
2 0.275436 0.442137 0.0187919 0.0206706 4064
2 0.470549 0.445308 0.0387608 0.0398837 4098
2 0.618369 0.489543 0.0620226 0.0600079 4101
2 0.419554 0.450566 0.0323292 0.0314119 4112
2 0.484731 0.400762 0.0211314 0.0154202 4096
2 0.388753 0.425457 0.0222758 0.0216434 4126
2 0.356518 0.427539 0.0222439 0.0262911 4129
2 0.797351 0.457316 0.0715109 0.0348265 4085
