2 0.329094 0.539477 0.0813792 0.0646136 3876
1 0.479819 0.539998 0.0205159 0.0369472 3853
0 0.422763 0.556044 0.0128132 0.0649235 3875
1 0.502846 0.554991 0.0227162 0.0384042 3893
0 0.501378 0.536266 0.0154209 0.0544156 3918
0 0.480869 0.521493 0.0202455 0.0537755 3849
2 0.522531 0.67465 0.162683 0.127916 3936
2 0.665562 0.458237 0.0601715 0.043022 3856
2 0.777132 0.479454 0.0772542 0.0460156 3968
2 0.231369 0.766529 0.218086 0.153797 3992
2 0.285543 0.525962 0.0696327 0.0494816 4015
2 0.661209 0.535591 0.0821262 0.0710256 4112
2 0.528846 0.466599 0.0474526 0.0416148 4126
2 0.450961 0.46176 0.0420432 0.0468977 4129
2 0.365511 0.432327 0.0229034 0.0253075 4139
2 0.488703 0.401771 0.0269931 0.0190518 4141
2 0.330833 0.4216 0.0183188 0.0193362 4146
2 0.425915 0.435335 0.0310264 0.0335077 4152
2 0.130768 0.504334 0.0557657 0.0369354 4154
2 0.985825 0.524626 0.0198184 0.0376911 4160
2 0.896482 0.568151 0.127211 0.100673 4061
2 0.908931 0.4821 0.0826591 0.0503582 4040
