2 0.329597 0.538692 0.082889 0.0661722 3876
1 0.479685 0.539439 0.0211047 0.0372869 3853
0 0.42311 0.555647 0.0123457 0.0645763 3875
1 0.503511 0.552938 0.0239731 0.0409192 3893
0 0.501994 0.535166 0.0148896 0.052708 3918
0 0.479478 0.522598 0.0185322 0.0489033 3849
2 0.523143 0.674597 0.163335 0.128555 3936
2 0.666014 0.457925 0.0597737 0.0417419 3856
2 0.77355 0.477716 0.0772669 0.0468033 3968
2 0.231807 0.766193 0.218189 0.153785 3992
2 0.285998 0.525709 0.0699091 0.049709 4015
2 0.649517 0.502185 0.0704307 0.0578278 4126
2 0.528883 0.48828 0.0604548 0.0645159 4129
2 0.393518 0.441514 0.0283914 0.030961 4139
2 0.455568 0.396236 0.0216968 0.01583 4141
2 0.345308 0.425422 0.0225709 0.0238592 4146
2 0.483349 0.449773 0.0405538 0.0433667 4152
2 0.969619 0.515596 0.0295168 0.0490117 4160
2 0.355451 0.414198 0.0171327 0.0189998 4172
2 0.909743 0.609754 0.12271 0.0999567 4101
2 0.654399 0.426252 0.044813 0.0262243 3880
2 0.735979 0.447025 0.0547537 0.0360591 4135
