2 0.328511 0.539661 0.0816652 0.0648078 3876
1 0.480007 0.540851 0.0198398 0.036557 3853
0 0.422216 0.55613 0.0131588 0.0652033 3875
1 0.50226 0.55517 0.0227023 0.0384709 3893
0 0.500869 0.536497 0.0152797 0.0538115 3918
0 0.480177 0.523154 0.0203243 0.0549722 3849
2 0.522023 0.674928 0.162344 0.127748 3936
2 0.669034 0.458234 0.0578086 0.0423878 3856
2 0.781774 0.481118 0.0783677 0.046228 3968
2 0.230673 0.767018 0.218703 0.154283 3992
2 0.285112 0.526091 0.0697035 0.0495281 4015
2 0.562856 0.501563 0.0615002 0.0559358 4112
2 0.427616 0.394147 0.0164503 0.0126539 4096
2 0.475505 0.451684 0.0364763 0.033518 4126
2 0.414868 0.449743 0.0335661 0.0385398 4129
2 0.350588 0.427115 0.0198893 0.0220609 4139
2 0.518335 0.406425 0.0298207 0.0206404 4141
2 0.321831 0.417999 0.0173034 0.0184154 4146
2 0.616615 0.4215 0.0288935 0.0238055 4150
2 0.396858 0.427618 0.0245621 0.0265926 4152
2 0.943094 0.623659 0.118435 0.0941812 4032
2 0.87488 0.468746 0.0727269 0.0392667 4081
2 0.713232 0.517639 0.0844378 0.078883 4101
