2 0.329936 0.538593 0.0830626 0.0664805 3876
1 0.479979 0.539107 0.0210506 0.0356824 3853
0 0.422162 0.555431 0.0138188 0.065204 3875
3 0.503668 0.553418 0.0232369 0.0397421 3893
0 0.502201 0.535694 0.0154413 0.0544434 3918
0 0.480618 0.51738 0.0192292 0.0490646 3849
2 0.523551 0.674254 0.162311 0.127914 3936
2 0.664986 0.455795 0.0598458 0.0405444 3856
2 0.773928 0.476922 0.0763898 0.0472434 3968
2 0.232361 0.766652 0.217964 0.153801 3992
2 0.286549 0.525587 0.070537 0.0502505 4015
2 0.481987 0.470321 0.0458653 0.047412 4139
2 0.405336 0.400031 0.0192589 0.0159585 4141
2 0.385984 0.440369 0.0300829 0.0312347 4146
2 0.957502 0.513647 0.0516246 0.0549811 4160
2 0.397128 0.425536 0.0231059 0.0245843 4172
2 0.461186 0.39823 0.019835 0.0141726 4173
2 0.346348 0.426495 0.0185808 0.0209878 4180
2 0.892653 0.597228 0.152037 0.1181 4112
2 0.712622 0.52001 0.0844961 0.0828312 4129
