2 0.329614 0.538895 0.0820414 0.0655036 3876
1 0.479696 0.539269 0.0206965 0.0351225 3853
0 0.422128 0.555532 0.0136519 0.0651978 3875
3 0.503557 0.554164 0.0226561 0.0387437 3893
0 0.502093 0.535342 0.0151767 0.0536023 3918
0 0.48006 0.517871 0.019305 0.0497151 3849
2 0.523072 0.674298 0.162769 0.12832 3936
2 0.664136 0.456514 0.0609381 0.0415821 3856
2 0.773498 0.476856 0.0769591 0.0475248 3968
2 0.23186 0.766809 0.218472 0.154163 3992
2 0.286067 0.525643 0.0702615 0.0499933 4015
2 0.463946 0.465187 0.0434297 0.0454798 4139
2 0.411005 0.400546 0.0209232 0.0171532 4141
2 0.377764 0.437715 0.0284254 0.029656 4146
2 0.646841 0.494966 0.0716808 0.0715135 4152
2 0.957868 0.513974 0.0489631 0.0551351 4160
2 0.389605 0.423526 0.0226991 0.0245297 4172
2 0.468028 0.39911 0.021312 0.0152126 4173
2 0.342269 0.424525 0.0181931 0.0205804 4180
2 0.791215 0.573151 0.136258 0.108872 4126
