2 0.329454 0.54003 0.0812635 0.0648082 3876
1 0.479552 0.540113 0.0206643 0.0361568 3853
0 0.422017 0.556064 0.0129037 0.065325 3875
1 0.503387 0.554819 0.0224985 0.0382634 3893
0 0.501931 0.536176 0.0150338 0.0533646 3918
0 0.480124 0.524372 0.019569 0.0509143 3849
2 0.522772 0.674507 0.163276 0.128634 3936
2 0.664786 0.458624 0.060059 0.0415478 3856
2 0.772684 0.478057 0.0770728 0.0470618 3968
2 0.231798 0.766663 0.218386 0.153978 3992
2 0.285927 0.526379 0.0696233 0.0494874 4015
2 0.586505 0.509431 0.0729259 0.0759121 4129
2 0.412314 0.44837 0.032238 0.0348301 4139
2 0.441321 0.40217 0.0300898 0.02323 4141
2 0.3539 0.430251 0.0235769 0.0248989 4146
2 0.524414 0.460396 0.0486314 0.0512765 4152
2 0.96366 0.515094 0.0354668 0.0518098 4160
2 0.364338 0.417734 0.0180904 0.0199504 4172
2 0.503546 0.404941 0.0236098 0.0167178 4173
2 0.614988 0.421403 0.0289626 0.0232161 4150
2 0.765471 0.539448 0.0856276 0.0705146 4112
