2 0.329909 0.53994 0.0823075 0.0648942 3876
1 0.480919 0.540075 0.0212593 0.0358691 3853
0 0.422472 0.555871 0.0131591 0.0641155 3875
1 0.503503 0.553781 0.0225725 0.0387608 3893
0 0.502763 0.535353 0.0147473 0.0526109 3918
0 0.481329 0.521408 0.0205205 0.0523523 3849
2 0.523363 0.674597 0.162808 0.128529 3936
2 0.661561 0.456883 0.0604126 0.0403945 3856
2 0.774487 0.478356 0.07465 0.0468415 3968
2 0.232247 0.767094 0.218152 0.154197 3992
2 0.286383 0.526223 0.0695767 0.0495945 4015
2 0.662625 0.538989 0.100511 0.0926373 4146
2 0.957862 0.515393 0.0740781 0.0545546 4160
2 0.465368 0.469943 0.0435999 0.0470169 4180
2 0.372998 0.433284 0.0248639 0.0269135 4189
2 0.399313 0.428653 0.0261766 0.0247079 4214
2 0.58635 0.426907 0.0345255 0.0260681 4150
2 0.94736 0.473749 0.0684385 0.0352533 4038
