2 0.329479 0.540103 0.0808594 0.0637214 3876
1 0.480489 0.539099 0.0212321 0.0351099 3853
0 0.421662 0.55548 0.0140772 0.0644721 3875
1 0.503483 0.553791 0.0231338 0.0394706 3893
0 0.502065 0.535384 0.0149926 0.052619 3918
0 0.481456 0.519166 0.0192252 0.0486344 3849
2 0.522921 0.674309 0.162535 0.128222 3936
2 0.660322 0.457125 0.062353 0.0417203 3856
2 0.773967 0.478757 0.0740332 0.0461593 3968
2 0.231971 0.766856 0.218361 0.154503 3992
2 0.285993 0.5259 0.0700422 0.0499694 4015
2 0.957661 0.515285 0.0785144 0.0552201 4160
2 0.606829 0.521504 0.0750263 0.0764666 4180
2 0.4152 0.447319 0.0328084 0.0358445 4189
2 0.462528 0.443921 0.0359894 0.0339626 4214
2 0.357741 0.427704 0.0212735 0.0250742 4228
