2 0.330213 0.538861 0.0835484 0.066327 3876
1 0.481573 0.539207 0.0214868 0.0356943 3853
0 0.421795 0.555437 0.0139186 0.0648913 3875
1 0.50354 0.552529 0.0229281 0.0391794 3893
0 0.502701 0.534732 0.014927 0.0525163 3918
0 0.482132 0.519539 0.0193369 0.0482582 3849
2 0.523627 0.674314 0.162535 0.128311 3936
2 0.661498 0.456969 0.0617137 0.0412515 3856
2 0.774625 0.477957 0.0742027 0.0462574 3968
2 0.232454 0.766387 0.218622 0.154596 3992
2 0.286522 0.525696 0.0701397 0.0499981 4015
2 0.958206 0.514717 0.0762794 0.05449 4160
2 0.536826 0.495456 0.0586234 0.0612471 4180
2 0.395716 0.440311 0.0290718 0.0317078 4189
2 0.433566 0.436171 0.0319802 0.0301978 4214
2 0.34933 0.424103 0.0185888 0.0219466 4228
