2 0.328861 0.541284 0.0806445 0.0638997 3876
1 0.480301 0.540392 0.0224485 0.0374622 3853
0 0.421121 0.556722 0.0145694 0.0645766 3875
1 0.503055 0.55544 0.022543 0.0382866 3893
0 0.501108 0.536526 0.0155393 0.0528595 3918
0 0.480592 0.523002 0.0207942 0.052105 3849
2 0.522848 0.675551 0.163588 0.128972 3936
2 0.656743 0.457304 0.063312 0.0422871 3856
2 0.773594 0.479499 0.0732216 0.0454582 3968
2 0.231445 0.767962 0.217384 0.153862 3992
2 0.285614 0.527309 0.0691444 0.049203 4015
2 0.957514 0.515791 0.0831408 0.0556186 4160
2 0.489857 0.473601 0.0481045 0.0526465 4228
2 0.391188 0.441271 0.0272191 0.0311628 4255
2 0.324996 0.419764 0.0154649 0.0152664 4285
2 0.963941 0.577271 0.0951632 0.0833194 4146
2 0.827435 0.57492 0.128457 0.101676 4172
