2 0.328676 0.540848 0.0813821 0.0645899 3876
1 0.480003 0.540612 0.0224939 0.0375426 3853
0 0.42086 0.556947 0.01457 0.0648109 3875
1 0.502863 0.555084 0.0227435 0.0386814 3893
0 0.50097 0.536283 0.0153564 0.0522093 3918
0 0.480899 0.522483 0.0202889 0.0512708 3849
2 0.522587 0.675716 0.162974 0.128392 3936
2 0.656733 0.457391 0.0636213 0.0424843 3856
2 0.772661 0.479481 0.0732973 0.0456237 3968
2 0.231132 0.767826 0.218039 0.154413 3992
2 0.285468 0.527193 0.069411 0.0494383 4015
2 0.957382 0.515922 0.0828252 0.0554956 4160
2 0.469489 0.466398 0.0437643 0.0484021 4228
2 0.382102 0.438048 0.025418 0.0292687 4255
2 0.745316 0.559285 0.097031 0.094626 4180
2 0.931455 0.569785 0.112804 0.0929577 4146
