2 0.329707 0.542132 0.0782482 0.0613973 3876
1 0.481176 0.540336 0.0226669 0.0376868 3853
0 0.421946 0.556695 0.0147359 0.0643369 3875
1 0.503633 0.554316 0.0232245 0.0394695 3893
0 0.502022 0.537201 0.0155521 0.0534115 3918
0 0.481449 0.521188 0.0203499 0.049455 3849
2 0.523517 0.674985 0.163311 0.128796 3936
2 0.656823 0.457083 0.0633366 0.0421061 3856
2 0.774355 0.478824 0.0750449 0.0466115 3968
2 0.232439 0.767615 0.218129 0.154399 3992
2 0.286857 0.526804 0.0700623 0.0497374 4015
2 0.958001 0.515958 0.0823222 0.0546536 4160
2 0.616474 0.518315 0.0759092 0.0779801 4228
2 0.435696 0.456778 0.0361976 0.0392139 4255
2 0.339517 0.425289 0.0173727 0.0171495 4285
2 0.359356 0.418318 0.0180354 0.0198869 4299
