2 0.329681 0.542056 0.0799325 0.0621116 3876
3 0.480749 0.54045 0.0223543 0.0374438 3853
0 0.421894 0.556651 0.0146745 0.0644326 3875
1 0.503751 0.555536 0.0229743 0.0388703 3893
0 0.502153 0.536664 0.0154144 0.0524362 3918
0 0.481146 0.520204 0.0197179 0.0478425 3849
2 0.523361 0.675677 0.162903 0.128547 3936
2 0.656452 0.45705 0.0632129 0.0420461 3856
2 0.774247 0.477723 0.0718595 0.0445461 3968
2 0.23208 0.767873 0.218782 0.155133 3992
2 0.286266 0.526863 0.0696312 0.0494575 4015
2 0.958147 0.51597 0.0837561 0.0557181 4160
2 0.397455 0.446512 0.0291297 0.0282518 4285
2 0.338717 0.425585 0.015855 0.0181067 4306
0 0.483773 0.495421 0.0101962 0.0254247 4321
2 0.436994 0.439214 0.0312099 0.033086 4299
2 0.889078 0.481786 0.0766698 0.040766 3889
2 0.725096 0.559959 0.0979606 0.0969594 4228
