2 0.329093 0.541499 0.0803438 0.0630238 3876
1 0.480512 0.540408 0.0229672 0.038318 3853
0 0.421569 0.557172 0.0146855 0.0640706 3875
1 0.503137 0.554326 0.0230868 0.0392563 3893
0 0.501536 0.5361 0.0145705 0.0496811 3918
0 0.481849 0.523107 0.0212184 0.0516545 3849
2 0.522728 0.675261 0.162219 0.127827 3936
2 0.656273 0.45763 0.0639356 0.0425828 3856
2 0.773609 0.479773 0.0747889 0.0464671 3968
2 0.231867 0.76808 0.219008 0.155097 3992
2 0.286078 0.527143 0.0695097 0.0493031 4015
2 0.957625 0.51665 0.0832056 0.0551544 4160
2 0.449891 0.461741 0.0400124 0.0431272 4255
2 0.344038 0.427412 0.0180847 0.0178493 4285
2 0.363817 0.42017 0.0187466 0.0206469 4299
2 0.747573 0.531665 0.069459 0.0674942 4189
