2 0.329694 0.54173 0.0802113 0.0624863 3876
1 0.480614 0.540946 0.0217147 0.0362642 3853
0 0.4222 0.556453 0.0146651 0.0643994 3875
1 0.503837 0.555171 0.0227492 0.0384339 3893
0 0.502235 0.536596 0.0154683 0.0527523 3918
0 0.481357 0.52003 0.0191968 0.0465596 3849
2 0.52328 0.675485 0.163273 0.128809 3936
2 0.656799 0.457027 0.0626649 0.0416859 3856
2 0.774344 0.479032 0.0755686 0.0472244 3968
2 0.232119 0.767709 0.218471 0.154814 3992
2 0.286256 0.526736 0.0696411 0.0494611 4015
2 0.958076 0.515993 0.0843311 0.0560984 4160
2 0.388184 0.443182 0.0272232 0.026489 4285
2 0.335353 0.423994 0.0159217 0.0182745 4306
2 0.650139 0.535711 0.105979 0.0846144 4312
2 0.505771 0.405263 0.0296946 0.0191706 4290
2 0.934443 0.485292 0.0693401 0.0330615 4085
2 0.424079 0.435995 0.028348 0.0303027 4299
