2 0.329428 0.540594 0.0818916 0.0642149 3876
1 0.480135 0.540748 0.020675 0.0351987 3853
0 0.422812 0.557578 0.0151376 0.0644775 3875
1 0.503437 0.555399 0.0226439 0.0382582 3893
0 0.50194 0.536139 0.0153226 0.0517913 3918
0 0.480763 0.522759 0.0214119 0.0527252 3849
2 0.522819 0.675231 0.16213 0.127781 3936
2 0.6486 0.456722 0.0643345 0.0420792 3856
2 0.773919 0.479634 0.0752136 0.0466599 3968
2 0.231911 0.76727 0.2176 0.154217 3992
2 0.285957 0.526575 0.0696215 0.049568 4015
2 0.957756 0.517075 0.0823286 0.0544183 4160
2 0.540631 0.496935 0.0595675 0.0541057 4285
2 0.38661 0.443041 0.0247126 0.0264966 4306
2 0.626364 0.491824 0.0668354 0.064022 4299
2 0.27405 0.412886 0.00999053 0.0139777 4324
2 0.341642 0.424468 0.0170222 0.0180669 4325
0 0.483524 0.495796 0.010351 0.0256961 4321
