2 0.329794 0.541089 0.0793721 0.0620101 3876
1 0.481011 0.541396 0.0200725 0.0342565 3853
0 0.421738 0.557839 0.0149377 0.0626635 3875
1 0.503542 0.553168 0.0232998 0.0395124 3893
0 0.502371 0.536135 0.015499 0.0525248 3918
0 0.481236 0.522239 0.0208898 0.0528792 3849
2 0.523545 0.674856 0.162423 0.128013 3936
2 0.651574 0.454854 0.0632625 0.0411873 3856
2 0.774384 0.47811 0.0749695 0.0464456 3968
2 0.232705 0.766421 0.218376 0.154928 3992
2 0.286631 0.525816 0.0703248 0.0501516 4015
2 0.958331 0.515411 0.0832391 0.0551319 4160
2 0.406751 0.448962 0.02851 0.0299963 4306
2 0.275319 0.414556 0.01004 0.0141539 4324
2 0.351724 0.426812 0.0180866 0.0188925 4325
2 0.321837 0.416227 0.0142002 0.0149451 4340
0 0.484004 0.494937 0.0103153 0.0255327 4321
2 0.632904 0.530174 0.0697641 0.0678689 4255
