2 0.330016 0.539959 0.0834799 0.0650966 3876
3 0.481133 0.540912 0.0207991 0.0349544 3853
0 0.421704 0.556042 0.0147766 0.0645207 3875
1 0.503756 0.554006 0.0230254 0.0387618 3893
0 0.502306 0.534314 0.0146848 0.0492486 3918
0 0.481255 0.520708 0.0204425 0.0501797 3849
2 0.522623 0.674499 0.162334 0.12801 3936
2 0.655409 0.455859 0.064366 0.0429346 3856
2 0.774958 0.478866 0.0726549 0.0450666 3968
2 0.232421 0.76667 0.217934 0.154679 3992
2 0.286396 0.526415 0.0697883 0.0496138 4015
2 0.958114 0.515317 0.0832275 0.055305 4160
2 0.43402 0.457462 0.0374373 0.0357082 4285
2 0.353395 0.430285 0.0185984 0.0208085 4306
0 0.483912 0.49493 0.0101976 0.0253976 4321
2 0.484606 0.451163 0.0395788 0.0411615 4299
2 0.276203 0.408158 0.0085228 0.01169 4324
2 0.323326 0.417107 0.0140409 0.0151785 4325
2 0.95067 0.625168 0.112847 0.107186 4180
