2 0.329825 0.542204 0.0792343 0.0613493 3876
1 0.480995 0.540205 0.0224414 0.0376493 3853
0 0.421784 0.55658 0.0147844 0.064827 3875
1 0.504166 0.555612 0.0225785 0.0381223 3893
0 0.502578 0.536875 0.0155565 0.0531515 3918
0 0.481435 0.51967 0.019663 0.0474883 3849
2 0.522851 0.675086 0.162293 0.12806 3936
2 0.656438 0.45683 0.063494 0.0422408 3856
2 0.773941 0.478415 0.0732449 0.0454533 3968
2 0.23225 0.767514 0.218768 0.155223 3992
2 0.286475 0.526544 0.0697276 0.049552 4015
2 0.95823 0.515571 0.0835258 0.0555789 4160
2 0.408158 0.449916 0.0310724 0.029949 4285
2 0.343532 0.427081 0.0167073 0.01899 4306
0 0.483837 0.495165 0.0101629 0.0253488 4321
2 0.451604 0.442475 0.0334433 0.0350122 4299
2 0.777261 0.575765 0.109268 0.103445 4228
