2 0.329671 0.539721 0.0830026 0.0653429 3876
1 0.480787 0.541257 0.020315 0.0346766 3853
0 0.417283 0.558548 0.0148957 0.0607598 3875
1 0.503284 0.553895 0.0234589 0.0398166 3893
0 0.501683 0.535942 0.0154479 0.0524098 3918
0 0.481175 0.521267 0.0211976 0.0517732 3849
2 0.523266 0.674902 0.162463 0.128126 3936
2 0.651275 0.455327 0.0636002 0.041579 3856
2 0.774331 0.478979 0.0748677 0.0462921 3968
2 0.232396 0.766326 0.21797 0.154539 3992
2 0.286083 0.526064 0.0696797 0.0496796 4015
2 0.958177 0.516025 0.0822453 0.0542931 4160
2 0.463447 0.468992 0.0407857 0.0411517 4306
2 0.27827 0.418163 0.0112013 0.0157041 4324
2 0.378325 0.436473 0.023502 0.0238457 4325
2 0.333359 0.421471 0.0161323 0.0167722 4340
2 0.531507 0.419564 0.0322854 0.021723 4348
2 0.947912 0.487395 0.0632717 0.0312463 3889
2 0.92323 0.625057 0.122321 0.107241 4228
