2 0.32991 0.539608 0.0829343 0.0651541 3876
1 0.480789 0.541459 0.0197156 0.0336655 3853
0 0.418052 0.558465 0.0149317 0.0605346 3875
1 0.503355 0.553625 0.0224639 0.0379339 3893
0 0.501944 0.535615 0.0153206 0.0520703 3918
0 0.480961 0.520888 0.0210438 0.0517623 3849
2 0.523499 0.674507 0.162667 0.128322 3936
2 0.65158 0.454941 0.0634945 0.0414771 3856
2 0.774541 0.4783 0.0755774 0.0467397 3968
2 0.232581 0.766337 0.217711 0.15434 3992
2 0.286375 0.525898 0.0697269 0.0497171 4015
2 0.958288 0.514853 0.082757 0.054742 4160
2 0.446544 0.462478 0.0374676 0.0380454 4306
2 0.277748 0.417243 0.0108461 0.0151984 4324
2 0.370562 0.433714 0.0223492 0.0228864 4325
2 0.330403 0.420111 0.0154316 0.0160714 4340
0 0.484019 0.494635 0.0103886 0.025721 4321
2 0.547527 0.421163 0.0336082 0.022662 4348
2 0.941372 0.569763 0.113439 0.0903841 4229
