2 0.32968 0.541595 0.0784558 0.0612627 3876
1 0.481459 0.540642 0.021099 0.0360635 3853
0 0.416721 0.558145 0.0148067 0.0607669 3875
1 0.503428 0.553141 0.0234276 0.0399242 3893
0 0.501804 0.535196 0.0149824 0.050372 3918
0 0.481524 0.521362 0.0215968 0.0531873 3849
2 0.523449 0.674918 0.16312 0.128743 3936
2 0.651364 0.455753 0.0633717 0.041375 3856
2 0.774173 0.478673 0.0755503 0.0468237 3968
2 0.2324 0.766982 0.218195 0.154683 3992
2 0.286413 0.526286 0.069649 0.0496256 4015
2 0.958254 0.515655 0.0832965 0.0550655 4160
2 0.508642 0.484738 0.0491275 0.0491505 4306
2 0.280845 0.420432 0.0116625 0.0159722 4324
2 0.396246 0.442801 0.0270961 0.0271474 4325
2 0.341164 0.424458 0.017004 0.0174415 4340
2 0.505815 0.415593 0.0297776 0.0200649 4348
