2 0.329679 0.542172 0.0783494 0.060294 3876
1 0.481502 0.540935 0.0207337 0.035452 3853
0 0.416232 0.558381 0.0150147 0.0609851 3875
1 0.503504 0.553908 0.0227017 0.0388265 3893
0 0.502132 0.534616 0.015079 0.0503956 3918
0 0.48136 0.522624 0.0215892 0.0537951 3849
2 0.523489 0.675095 0.162481 0.128236 3936
2 0.651171 0.455795 0.0615098 0.0400059 3856
2 0.774645 0.478551 0.0760286 0.0474721 3968
2 0.232451 0.76657 0.217692 0.15435 3992
2 0.286292 0.526555 0.0694289 0.0494847 4015
2 0.958107 0.515424 0.0832507 0.0549741 4160
2 0.287823 0.424558 0.0138994 0.0183473 4324
2 0.44884 0.459214 0.037436 0.0359799 4325
2 0.360528 0.431654 0.0204367 0.0206092 4340
2 0.462878 0.409439 0.0261251 0.0178291 4348
0 0.484067 0.495336 0.0103655 0.0257855 4321
2 0.322676 0.415457 0.015326 0.0162415 4359
2 0.676228 0.546707 0.0868921 0.0753121 4285
2 0.970633 0.485274 0.0588897 0.0291298 3889
