2 0.32965 0.540685 0.0815439 0.0638232 3876
1 0.480597 0.541425 0.0203453 0.0348858 3853
0 0.420679 0.558634 0.0149979 0.0617903 3875
1 0.503649 0.554642 0.0229516 0.0389031 3893
0 0.502312 0.535773 0.0151 0.0513294 3918
0 0.480694 0.523428 0.0215686 0.0541378 3849
2 0.523397 0.675052 0.163395 0.128882 3936
2 0.651314 0.455497 0.0639867 0.041757 3856
2 0.773905 0.47798 0.0709333 0.0435826 3968
2 0.232275 0.766937 0.217286 0.154064 3992
2 0.28621 0.526488 0.0695363 0.0495743 4015
2 0.958027 0.515925 0.0836609 0.0554014 4160
2 0.418146 0.453493 0.0309114 0.032181 4306
2 0.275628 0.415603 0.0104692 0.0148606 4324
2 0.357319 0.429499 0.0197612 0.0204999 4325
2 0.323711 0.417952 0.0140494 0.014759 4340
0 0.48379 0.495189 0.0102769 0.0254335 4321
2 0.669199 0.54388 0.0820747 0.0746375 4255
