2 0.329753 0.542066 0.0793101 0.0607282 3876
1 0.481666 0.540119 0.0212966 0.0362619 3853
0 0.42336 0.558373 0.0158705 0.0650234 3875
1 0.503837 0.553925 0.0234871 0.0401876 3893
0 0.502304 0.536172 0.0152781 0.0517544 3918
0 0.481975 0.521617 0.021343 0.0534676 3849
2 0.523119 0.674623 0.162259 0.12827 3936
2 0.651084 0.455532 0.0628969 0.0411305 3856
2 0.774374 0.479148 0.0737474 0.0461258 3968
2 0.232439 0.767308 0.218819 0.155214 3992
2 0.286597 0.526406 0.0698228 0.0498813 4015
2 0.958102 0.515887 0.0836185 0.0551805 4160
2 0.279022 0.440243 0.0198674 0.025756 4324
2 0.46131 0.465589 0.0413133 0.0389217 4340
2 0.403887 0.400477 0.0181074 0.0131879 4348
2 0.361852 0.430231 0.0225213 0.0233688 4359
2 0.47053 0.399713 0.020943 0.0157816 4290
2 0.792255 0.577256 0.108629 0.0889732 4255
