2 0.329661 0.540835 0.0824218 0.0636158 3876
1 0.48109 0.54081 0.021473 0.0367885 3853
0 0.417107 0.558992 0.0152264 0.0608118 3875
1 0.503311 0.553805 0.0230939 0.0395556 3893
0 0.502255 0.535936 0.0154716 0.0520227 3918
0 0.480789 0.522713 0.0227074 0.0562418 3849
2 0.523204 0.675071 0.162828 0.128564 3936
2 0.650774 0.455178 0.0643484 0.0420489 3856
2 0.773884 0.478871 0.0756543 0.0473927 3968
2 0.232206 0.767205 0.218482 0.154864 3992
2 0.28603 0.526859 0.0694188 0.0494628 4015
2 0.958032 0.515579 0.0833074 0.0549606 4160
2 0.290048 0.426952 0.0151295 0.0195739 4324
2 0.484766 0.471659 0.0448156 0.04253 4325
2 0.374106 0.437203 0.0233046 0.0232639 4340
2 0.44601 0.407194 0.0236158 0.0161704 4348
2 0.329279 0.418412 0.0166283 0.0175555 4359
