2 0.329732 0.54229 0.0803338 0.0614661 3876
1 0.481346 0.542218 0.0203545 0.0345388 3853
0 0.423207 0.559243 0.0158131 0.0653055 3875
1 0.503741 0.554916 0.0232275 0.0397294 3893
0 0.502224 0.536472 0.0153146 0.052042 3918
0 0.481569 0.522137 0.0209613 0.0526007 3849
2 0.522855 0.675044 0.161892 0.127888 3936
2 0.650772 0.456175 0.0629355 0.0411208 3856
2 0.774383 0.479662 0.0750556 0.0470015 3968
2 0.23237 0.767212 0.218239 0.154781 3992
2 0.286286 0.526934 0.069442 0.0496053 4015
2 0.958014 0.516842 0.082458 0.0542695 4160
2 0.273186 0.444061 0.0213427 0.0270604 4324
2 0.482003 0.472873 0.0446245 0.0414712 4340
2 0.399022 0.400185 0.0171085 0.0125386 4348
2 0.368055 0.433153 0.0235889 0.0243968 4359
2 0.461531 0.399119 0.0198973 0.0152986 4290
