2 0.329402 0.541734 0.0806405 0.0621111 3876
1 0.480991 0.541674 0.020663 0.0354219 3853
0 0.416869 0.558642 0.0151168 0.0604579 3875
1 0.503401 0.554523 0.0231249 0.0396177 3893
0 0.502146 0.535787 0.0151727 0.0508452 3918
0 0.480699 0.522937 0.0219316 0.0541433 3849
2 0.523238 0.675224 0.163083 0.128763 3936
2 0.650766 0.455939 0.0631441 0.0411513 3856
2 0.774267 0.479127 0.0761251 0.0475933 3968
2 0.232081 0.766594 0.217367 0.154034 3992
2 0.285996 0.526963 0.0692713 0.0493564 4015
2 0.957979 0.516059 0.0834714 0.0550959 4160
2 0.288836 0.425735 0.0146262 0.0190186 4324
2 0.464646 0.465323 0.0411319 0.0394613 4325
2 0.366801 0.434743 0.0219229 0.022009 4340
2 0.454173 0.409057 0.0249868 0.0170766 4348
0 0.484123 0.496754 0.00964874 0.0241019 4321
2 0.32537 0.417148 0.015578 0.016476 4359
2 0.742527 0.567673 0.0984745 0.0864196 4255
