2 0.329434 0.541882 0.0793228 0.0611412 3876
1 0.481284 0.54107 0.0207613 0.0355581 3853
0 0.420932 0.557773 0.0156681 0.0628092 3875
1 0.503667 0.554011 0.023385 0.0399027 3893
0 0.501883 0.535793 0.0154574 0.0522508 3918
0 0.481293 0.521915 0.021266 0.0528039 3849
2 0.523325 0.674944 0.162753 0.128733 3936
2 0.650911 0.455748 0.0633476 0.0414241 3856
2 0.773983 0.478775 0.0737367 0.046215 3968
2 0.232403 0.766789 0.218474 0.1548 3992
2 0.286165 0.526402 0.0696376 0.0496996 4015
2 0.957921 0.515584 0.0838915 0.0553065 4160
2 0.286165 0.435022 0.0179233 0.0238821 4324
2 0.427827 0.454363 0.0335758 0.0321997 4340
2 0.413311 0.402201 0.0204107 0.0146211 4348
2 0.350218 0.426374 0.0196868 0.020515 4359
0 0.48393 0.495162 0.0103329 0.0258908 4321
2 0.487808 0.401687 0.0243815 0.0174272 4290
2 0.663444 0.535805 0.0786322 0.0728601 4306
