2 0.329951 0.540559 0.0845143 0.0653704 3876
1 0.481113 0.541748 0.0210275 0.0358194 3853
0 0.421499 0.560919 0.0155286 0.0633229 3875
1 0.503761 0.555157 0.0229519 0.0387893 3893
0 0.502218 0.536931 0.015188 0.0522575 3918
0 0.481612 0.52299 0.0211035 0.0530698 3849
2 0.523027 0.675355 0.162171 0.127835 3936
2 0.650805 0.456114 0.062349 0.0407075 3856
2 0.774403 0.479523 0.0750355 0.0469404 3968
2 0.232529 0.766865 0.217409 0.154218 3992
2 0.286407 0.527155 0.0690752 0.0493183 4015
2 0.958178 0.516031 0.0834996 0.0550479 4160
2 0.209316 0.472203 0.0333226 0.0348463 4324
2 0.424413 0.452785 0.0345461 0.0346655 4359
2 0.379704 0.426734 0.0202838 0.0203293 4394
0 0.484124 0.495918 0.0101645 0.0256553 4321
2 0.476037 0.406902 0.0221896 0.0177412 4248
2 0.748833 0.563931 0.0961089 0.0830123 4306
