2 0.329934 0.54151 0.0834119 0.0638499 3876
1 0.481162 0.541292 0.0216489 0.0368082 3853
0 0.421951 0.560851 0.0154882 0.0640214 3875
1 0.503613 0.555676 0.022092 0.0372726 3893
0 0.502445 0.53733 0.0155387 0.0532637 3918
0 0.481391 0.521175 0.0198498 0.0492807 3849
2 0.523081 0.675441 0.16199 0.127793 3936
2 0.650789 0.455909 0.0636541 0.0416233 3856
2 0.774355 0.479636 0.0744697 0.0466182 3968
2 0.232479 0.76759 0.217797 0.154499 3992
2 0.287022 0.527101 0.0706012 0.050449 4015
2 0.958204 0.516205 0.0836041 0.0550946 4160
2 0.248863 0.455794 0.0270972 0.03171 4324
2 0.391431 0.442122 0.0276099 0.0280905 4359
2 0.357021 0.421104 0.0162407 0.0163723 4394
0 0.484056 0.496046 0.0101667 0.0255794 4321
2 0.445222 0.404229 0.019768 0.0160104 4290
