2 0.330043 0.540896 0.0829225 0.064392 3876
1 0.481448 0.54112 0.0210835 0.0359525 3853
0 0.421524 0.560661 0.0156311 0.0635143 3875
1 0.503623 0.554059 0.0233408 0.0395591 3893
0 0.502437 0.536186 0.0150184 0.0518571 3918
0 0.480849 0.522397 0.0217037 0.0533973 3849
2 0.523719 0.6753 0.162988 0.128558 3936
2 0.650417 0.455353 0.0632478 0.0411652 3856
2 0.774644 0.47855 0.0749949 0.046895 3968
2 0.232723 0.767167 0.21873 0.155329 3992
2 0.287113 0.52679 0.0704426 0.0502744 4015
2 0.958225 0.515362 0.0836659 0.0552275 4160
2 0.173398 0.485318 0.0402053 0.0397473 4324
2 0.455226 0.463028 0.0416842 0.0413863 4359
2 0.398935 0.432014 0.0225357 0.0222119 4394
0 0.484431 0.495746 0.0101323 0.0258443 4321
2 0.456325 0.402962 0.0218003 0.0178408 4248
2 0.292812 0.399147 0.00995976 0.011375 4407
