2 0.330212 0.540517 0.0845508 0.0649679 3876
1 0.481402 0.540681 0.0216227 0.0367776 3853
0 0.42186 0.560692 0.0155973 0.0640299 3875
1 0.503543 0.554038 0.02308 0.0390398 3893
0 0.502477 0.536193 0.0151698 0.0520365 3918
0 0.480793 0.521157 0.0200351 0.0504598 3849
2 0.52344 0.675454 0.162072 0.127831 3936
2 0.650384 0.455105 0.0648984 0.0424854 3856
2 0.774426 0.478802 0.0742841 0.0464146 3968
2 0.232515 0.767084 0.217984 0.154668 3992
2 0.286658 0.526781 0.0698382 0.0499126 4015
2 0.958168 0.515792 0.0834861 0.0550239 4160
2 0.237284 0.460319 0.0287919 0.0324732 4324
2 0.400827 0.445001 0.0297901 0.0302504 4359
2 0.363962 0.422405 0.0178496 0.01798 4394
0 0.484104 0.495565 0.01016 0.0255801 4321
