2 0.32943 0.540746 0.0822796 0.0645956 3876
1 0.480587 0.542199 0.0207049 0.0352594 3853
0 0.426438 0.557842 0.0158824 0.0638312 3875
1 0.503474 0.55518 0.0231154 0.0392434 3893
0 0.502172 0.536886 0.0150954 0.0524384 3918
0 0.481232 0.52232 0.0209716 0.0517512 3849
2 0.523286 0.675919 0.162603 0.128281 3936
2 0.649465 0.456104 0.0636004 0.0415948 3856
2 0.773866 0.47971 0.0742833 0.046808 3968
2 0.232026 0.767194 0.217404 0.154107 3992
2 0.285913 0.526984 0.0695049 0.0494971 4015
2 0.957721 0.516307 0.0838287 0.0554044 4160
2 0.384353 0.392345 0.0132481 0.0116224 4248
0 0.48394 0.495879 0.00995382 0.0251739 4321
