2 0.330009 0.540403 0.0824823 0.0646756 3876
1 0.480879 0.542002 0.0204178 0.0346514 3853
0 0.426473 0.557648 0.0157591 0.0638316 3875
1 0.503512 0.554612 0.0226601 0.0383787 3893
0 0.50223 0.536639 0.0152181 0.0526501 3918
0 0.481204 0.521923 0.021121 0.0524449 3849
2 0.523503 0.675297 0.163609 0.129145 3936
2 0.650184 0.456003 0.0644677 0.0421714 3856
2 0.774211 0.47879 0.0749514 0.0472584 3968
2 0.232489 0.766701 0.217926 0.154559 3992
2 0.286266 0.526692 0.0696206 0.0495865 4015
2 0.958096 0.515538 0.0843358 0.0558218 4160
2 0.38865 0.392464 0.0138633 0.012185 4248
0 0.484177 0.495531 0.0102193 0.0259142 4321
2 0.925314 0.616239 0.132798 0.102309 4255
2 0.647189 0.506504 0.0655607 0.0569646 4340
