2 0.329957 0.54044 0.082543 0.0646683 3876
1 0.480955 0.542108 0.0204041 0.0345205 3853
0 0.425959 0.55799 0.0156922 0.0640023 3875
1 0.503884 0.554687 0.0233316 0.039624 3893
0 0.502205 0.536451 0.0150542 0.0520374 3918
0 0.481273 0.522094 0.0213429 0.0526564 3849
2 0.523485 0.675431 0.163135 0.128653 3936
2 0.650485 0.456296 0.0622742 0.0405616 3856
2 0.774322 0.478775 0.0751916 0.0473948 3968
2 0.232469 0.766839 0.217591 0.154302 3992
2 0.286299 0.526722 0.0696554 0.0495936 4015
2 0.958036 0.515656 0.0843266 0.0557535 4160
2 0.39335 0.392962 0.0148664 0.0129655 4248
0 0.484142 0.495512 0.0101707 0.0256999 4321
2 0.593728 0.487496 0.0547307 0.049619 4359
2 0.881452 0.602863 0.144598 0.106747 4255
