2 0.330085 0.539982 0.0832151 0.0650468 3876
1 0.481641 0.540905 0.0211763 0.0358246 3853
0 0.421459 0.559967 0.0157263 0.0639709 3875
1 0.504018 0.554787 0.022624 0.0385195 3893
0 0.502695 0.535597 0.014847 0.0512114 3918
0 0.481887 0.52118 0.0214795 0.0528091 3849
2 0.523723 0.674885 0.16228 0.127976 3936
2 0.651274 0.455003 0.0636548 0.04156 3856
2 0.77393 0.478742 0.0745377 0.0466931 3968
2 0.232575 0.766888 0.217139 0.154258 3992
2 0.28661 0.526393 0.0693269 0.0494141 4015
2 0.958216 0.515388 0.0829648 0.054621 4160
2 0.105497 0.511346 0.0511937 0.0468472 4324
2 0.522552 0.486248 0.0564655 0.0545869 4359
2 0.437267 0.441822 0.028701 0.0275046 4394
2 0.429672 0.39781 0.0196124 0.0166189 4248
2 0.294804 0.401263 0.0102311 0.0117642 4407
