2 0.329098 0.540871 0.0826975 0.0650939 3876
1 0.480391 0.542395 0.0206855 0.0354361 3853
0 0.426376 0.55863 0.0163219 0.0639435 3875
1 0.503354 0.556433 0.0225202 0.03823 3893
0 0.501859 0.537325 0.0151918 0.0527643 3918
0 0.480797 0.523928 0.0217826 0.0538652 3849
2 0.522675 0.67593 0.161685 0.127516 3936
2 0.647493 0.455583 0.0629501 0.041301 3856
2 0.773494 0.480102 0.073432 0.0462347 3968
2 0.231661 0.768341 0.218495 0.154926 3992
2 0.285796 0.527239 0.0696124 0.0496177 4015
2 0.957654 0.516929 0.0842839 0.05559 4160
2 0.372835 0.391085 0.0117187 0.0105595 4248
0 0.483846 0.496297 0.0100619 0.0254813 4321
2 0.947455 0.589304 0.107053 0.081566 4255
