2 0.32957 0.541725 0.0795764 0.0622846 3876
3 0.481093 0.542287 0.0205897 0.0351338 3853
0 0.426296 0.558005 0.0167653 0.0635149 3875
3 0.503668 0.55507 0.0231857 0.0393394 3893
0 0.502046 0.535286 0.0146626 0.0505591 3918
0 0.480041 0.522352 0.0208219 0.0525989 3849
2 0.52273 0.674756 0.162308 0.127804 3936
2 0.639102 0.453997 0.0597042 0.0393877 3856
2 0.772887 0.479226 0.0730174 0.0459219 3968
2 0.232157 0.767881 0.219008 0.155557 3992
2 0.286217 0.526692 0.0693089 0.0494193 4015
2 0.958011 0.516109 0.0841266 0.0556043 4160
0 0.484858 0.495341 0.010202 0.025196 4321
2 0.321595 0.41635 0.0155265 0.0184292 4447
2 0.344756 0.416087 0.0185933 0.0164138 4290
