2 0.329801 0.542176 0.0793747 0.0617753 3876
3 0.481224 0.542523 0.0206192 0.0352171 3853
0 0.426245 0.558334 0.0169347 0.063768 3875
1 0.503424 0.555042 0.0227311 0.0383222 3893
0 0.502204 0.535542 0.0145928 0.049813 3918
0 0.478584 0.520309 0.0186507 0.0475472 3849
2 0.524242 0.674751 0.16193 0.127422 3936
2 0.627419 0.45333 0.0578242 0.0382051 3856
2 0.770453 0.479158 0.0734416 0.0461992 3968
2 0.232224 0.76765 0.217591 0.154489 3992
2 0.286241 0.526814 0.0694266 0.0494766 4015
2 0.958076 0.516631 0.0845617 0.0560069 4160
0 0.485506 0.496015 0.0104732 0.0248216 4321
2 0.325576 0.418379 0.0161461 0.0190667 4447
2 0.352863 0.417963 0.0181063 0.0173978 4463
