2 0.329501 0.541061 0.082286 0.0650734 3876
1 0.480641 0.541993 0.0209993 0.0360474 3853
0 0.426853 0.559256 0.0174981 0.0635102 3875
1 0.50398 0.557447 0.0226067 0.0372147 3893
0 0.502455 0.53743 0.0142988 0.0509489 3918
0 0.48093 0.524616 0.0182604 0.0542197 3849
2 0.086245 0.540797 0.0792276 0.0564513 3856
2 0.39198 0.458248 0.0477283 0.0323214 3968
2 0.286061 0.527505 0.0692894 0.0491417 4015
2 0.564836 0.449208 0.0543713 0.0322134 4160
2 0.365993 0.434556 0.0258367 0.0273302 4447
2 0.393686 0.431304 0.0251195 0.0230084 4463
2 0.767621 0.479836 0.053389 0.043652 4529
2 0.32135 0.412445 0.018926 0.0252627 4542
2 0.426912 0.710541 0.128323 0.122744 4525
