2 0.329907 0.541556 0.0799481 0.0630321 3876
1 0.481333 0.542111 0.0205789 0.0351988 3853
0 0.427075 0.558295 0.0174831 0.0636679 3875
1 0.504422 0.555695 0.0236899 0.0390436 3893
0 0.503006 0.537084 0.0144381 0.0524144 3918
0 0.480082 0.524264 0.0181136 0.0546459 3849
2 0.195102 0.502866 0.0689871 0.0481456 3856
2 0.457049 0.449271 0.0472044 0.0317568 3968
2 0.855835 0.670259 0.176943 0.129331 3992
2 0.28663 0.526845 0.0699091 0.0496169 4015
2 0.631781 0.454934 0.0620911 0.0359153 4160
2 0.365667 0.433824 0.0255751 0.0271981 4447
2 0.394117 0.430664 0.0254098 0.0232681 4463
2 0.864617 0.496724 0.0499716 0.0472139 4529
2 0.296084 0.405942 0.0100362 0.01369 4537
2 0.317181 0.412231 0.0165793 0.0209043 4542
2 0.245043 0.761972 0.122219 0.132382 4525
