2 0.329675 0.541102 0.0813259 0.0641919 3876
1 0.481018 0.542441 0.0204867 0.0352668 3853
0 0.427447 0.55889 0.0176806 0.0635631 3875
1 0.504355 0.556252 0.0233091 0.0385948 3893
0 0.502725 0.537394 0.0148247 0.0525743 3918
0 0.480314 0.523821 0.0182342 0.0536616 3849
2 0.339708 0.467384 0.0517904 0.0354725 3968
2 0.28665 0.527222 0.0697867 0.0494393 4015
2 0.517036 0.446356 0.0503594 0.0300955 4160
2 0.366147 0.43423 0.0258948 0.0274403 4447
2 0.393952 0.430974 0.0252923 0.0231876 4463
2 0.70793 0.467829 0.0528532 0.0400501 4529
2 0.325591 0.419189 0.012436 0.0161502 4542
2 0.557545 0.684683 0.125824 0.114572 4525
2 0.95956 0.51271 0.0626986 0.0566521 4574
