2 0.329551 0.542094 0.0787536 0.0616739 3876
1 0.480898 0.543098 0.0200807 0.0344403 3853
0 0.427334 0.559466 0.0177223 0.0635613 3875
1 0.504181 0.556944 0.0229948 0.0380161 3893
0 0.502678 0.538133 0.014488 0.0509087 3918
0 0.481372 0.523749 0.0181387 0.0522615 3849
2 0.320935 0.471648 0.0523249 0.0360361 3968
2 0.286237 0.5276 0.0694856 0.0492463 4015
2 0.499638 0.447137 0.0496058 0.029647 4160
2 0.365882 0.43466 0.0256582 0.0271361 4447
2 0.393813 0.43146 0.0256968 0.0235814 4463
2 0.689502 0.465487 0.0521097 0.0388099 4529
2 0.326754 0.420191 0.0131006 0.0168224 4542
2 0.6144 0.680242 0.122821 0.107987 4525
2 0.937941 0.50757 0.0623967 0.0557527 4574
