2 0.329534 0.541083 0.0812947 0.0637525 3876
1 0.481038 0.542844 0.0202577 0.0347293 3853
0 0.427244 0.559161 0.0177706 0.0636702 3875
1 0.504046 0.5567 0.0235365 0.0390256 3893
0 0.502682 0.537614 0.0146765 0.0515494 3918
0 0.480597 0.523649 0.0181358 0.0523896 3849
2 0.301227 0.47593 0.0523213 0.0359552 3968
2 0.286301 0.527308 0.0693275 0.0491275 4015
2 0.482781 0.447424 0.0500656 0.0299834 4160
2 0.365758 0.434032 0.0256877 0.0271879 4447
2 0.393799 0.431196 0.0255062 0.0234148 4463
2 0.674539 0.462613 0.0499613 0.0371548 4529
2 0.327896 0.420353 0.0133182 0.0169622 4542
2 0.686924 0.67683 0.121386 0.10709 4525
2 0.905746 0.501844 0.0629072 0.0553623 4574
