2 0.329517 0.54208 0.0809278 0.0632657 3876
1 0.480928 0.543406 0.0200225 0.034073 3853
0 0.427088 0.559369 0.017825 0.0637566 3875
1 0.503792 0.557022 0.0233431 0.0386668 3893
0 0.50251 0.537675 0.0144557 0.0506257 3918
0 0.48031 0.523272 0.0177079 0.0518309 3849
2 0.23709 0.493235 0.0597783 0.0413382 3968
2 0.286296 0.527449 0.0698599 0.0494631 4015
2 0.430502 0.452084 0.0496694 0.0300307 4160
2 0.365395 0.434884 0.0251194 0.0265498 4447
2 0.393507 0.431595 0.0256185 0.0235685 4463
2 0.618983 0.45454 0.0445857 0.0320802 4529
2 0.332812 0.422647 0.0142949 0.0173429 4542
2 0.849705 0.688589 0.14435 0.114208 4525
2 0.813456 0.484825 0.0609042 0.0507274 4574
