2 0.329825 0.540842 0.082209 0.0649476 3876
1 0.481191 0.542124 0.020737 0.0356682 3853
0 0.427416 0.558989 0.0176058 0.0635546 3875
1 0.504443 0.556312 0.0232389 0.0384533 3893
0 0.50282 0.537594 0.0148466 0.0527725 3918
0 0.480831 0.524215 0.0185406 0.0543758 3849
2 0.0298971 0.563373 0.0755846 0.0554107 3856
2 0.357704 0.463916 0.0502108 0.0342352 3968
2 0.286959 0.527138 0.0701372 0.0496928 4015
2 0.533024 0.446252 0.0514667 0.0306214 4160
2 0.36627 0.434434 0.0259354 0.0274776 4447
2 0.394098 0.430983 0.0253254 0.0232196 4463
2 0.727632 0.470925 0.0524902 0.0406783 4529
2 0.324632 0.41794 0.0133682 0.0174146 4542
2 0.520184 0.691598 0.129202 0.117971 4525
