2 0.329781 0.541188 0.082944 0.0657064 3876
1 0.481049 0.542192 0.0214823 0.0367278 3853
0 0.426972 0.559733 0.0177867 0.0638179 3875
1 0.504127 0.557491 0.0231423 0.0377234 3893
0 0.502631 0.53699 0.0143863 0.0490927 3918
0 0.480208 0.525032 0.018217 0.0535292 3849
2 0.286723 0.527723 0.0698086 0.0493777 4015
2 0.230314 0.495518 0.0621264 0.0383335 4160
2 0.365727 0.435026 0.0255079 0.0268148 4447
2 0.393716 0.431942 0.0258116 0.0235306 4463
2 0.4606 0.45053 0.044565 0.0302001 4529
2 0.34368 0.427113 0.0162508 0.0180028 4542
2 0.607457 0.451946 0.0495911 0.0366688 4574
2 0.560109 0.695934 0.156852 0.137878 4596
2 0.323138 0.418094 0.0156832 0.018086 4600
2 0.900633 0.502681 0.0647515 0.0589162 4623
