2 0.329849 0.54109 0.0822092 0.0651502 3876
1 0.481307 0.542485 0.0211938 0.0361804 3853
0 0.427142 0.55926 0.018041 0.0641939 3875
1 0.504399 0.55661 0.0233816 0.0383377 3893
0 0.50287 0.537644 0.015452 0.0524758 3918
0 0.479798 0.522027 0.0162608 0.0488451 3849
2 0.286659 0.527289 0.0696541 0.0493901 4015
2 0.366033 0.433878 0.0260769 0.0277553 4447
2 0.393823 0.431268 0.0253453 0.0228129 4463
2 0.347079 0.428886 0.016781 0.018144 4542
2 0.272165 0.480692 0.0538868 0.0386605 4574
2 0.33426 0.423496 0.0162871 0.0191679 4600
2 0.473518 0.447898 0.0507122 0.0361021 4623
2 0.643438 0.45982 0.0506977 0.0360783 4646
2 0.921544 0.507742 0.0732406 0.0562213 4649
