2 0.329979 0.541053 0.0813403 0.0644371 3876
1 0.481427 0.542353 0.0207855 0.0353536 3853
0 0.427099 0.5587 0.0180186 0.0644236 3875
1 0.504471 0.556116 0.0233882 0.0384984 3893
0 0.502941 0.53714 0.0150762 0.051347 3918
0 0.480001 0.522982 0.017358 0.0522449 3849
2 0.286983 0.526752 0.0705655 0.0500508 4015
2 0.365803 0.433382 0.025803 0.0275811 4447
2 0.393673 0.430473 0.0246411 0.0220408 4463
2 0.346952 0.428672 0.0166748 0.0181056 4542
2 0.231079 0.492972 0.0614158 0.0445147 4574
2 0.334627 0.421843 0.0168496 0.0201021 4600
2 0.438896 0.449733 0.0543892 0.0387407 4623
2 0.598324 0.453063 0.0461395 0.0322523 4646
2 0.846913 0.49196 0.0703963 0.0527197 4649
