2 0.329624 0.541476 0.0805338 0.0638354 3876
1 0.481162 0.542899 0.0205794 0.0345474 3853
0 0.426883 0.558954 0.0178863 0.0640649 3875
1 0.504308 0.557491 0.0224763 0.036792 3893
0 0.502499 0.536791 0.0149272 0.0504513 3918
0 0.479935 0.523741 0.0175509 0.0527905 3849
2 0.286399 0.527296 0.0693337 0.0491576 4015
2 0.365998 0.433674 0.0258454 0.0278026 4447
2 0.393607 0.430688 0.0250519 0.0225553 4463
2 0.347368 0.428425 0.0171735 0.018638 4542
2 0.155651 0.514771 0.0681213 0.0495032 4574
2 0.334231 0.42299 0.016122 0.0195906 4600
2 0.38491 0.457303 0.053778 0.03813 4623
2 0.542212 0.449553 0.0467665 0.0315252 4646
2 0.75542 0.474527 0.0654478 0.047221 4649
