2 0.329739 0.541242 0.0811138 0.0640489 3876
1 0.481446 0.542259 0.0210337 0.0354473 3853
0 0.427128 0.558833 0.0178249 0.0638692 3875
1 0.504466 0.556195 0.0234783 0.0386444 3893
0 0.502987 0.536626 0.0150521 0.0515274 3918
0 0.479937 0.523663 0.0174284 0.0531869 3849
2 0.286908 0.526992 0.0705388 0.0500612 4015
2 0.36589 0.433141 0.0253759 0.0271691 4447
2 0.393927 0.43082 0.0254254 0.0229604 4463
2 0.347493 0.428333 0.0169252 0.0184443 4542
2 0.068021 0.544001 0.0751353 0.0543982 4574
2 0.333952 0.423093 0.0150889 0.0183095 4600
2 0.327719 0.466297 0.0573554 0.0408525 4623
2 0.49026 0.44838 0.0449795 0.0297224 4646
2 0.68459 0.459678 0.060361 0.0425221 4649
