2 0.32962 0.541146 0.0830135 0.0657955 3876
1 0.481205 0.543037 0.0201552 0.0337594 3853
0 0.427329 0.559298 0.0177633 0.063535 3875
1 0.504146 0.556881 0.0233853 0.0385405 3893
0 0.502559 0.537263 0.0148542 0.0505204 3918
0 0.479942 0.523277 0.0168206 0.0515284 3849
2 0.286839 0.527559 0.0703189 0.0498625 4015
2 0.365557 0.434397 0.025336 0.0271367 4447
2 0.393802 0.431821 0.0259027 0.0234817 4463
2 0.347425 0.429074 0.0170187 0.0184771 4542
2 0.334013 0.424155 0.0154872 0.0188861 4600
2 0.285872 0.474375 0.0602904 0.0427317 4623
2 0.453337 0.450823 0.0457594 0.0295699 4646
2 0.642745 0.453096 0.0581855 0.0407362 4649
