2 0.329675 0.541966 0.0790739 0.0624138 3876
1 0.481133 0.54202 0.021219 0.0357718 3853
0 0.426955 0.558698 0.0178978 0.0641237 3875
1 0.504374 0.556725 0.0229816 0.0376688 3893
0 0.50277 0.537118 0.015153 0.0514753 3918
0 0.479726 0.523582 0.0175365 0.0531226 3849
2 0.28644 0.527066 0.0694546 0.0492414 4015
2 0.36567 0.432785 0.0243697 0.026074 4447
2 0.393786 0.430546 0.0252855 0.0227659 4463
2 0.347001 0.428441 0.0169849 0.018482 4542
2 0.128283 0.523504 0.0715592 0.0521027 4574
2 0.334311 0.422128 0.0159745 0.0194131 4600
2 0.366085 0.45998 0.0550901 0.0390832 4623
2 0.524485 0.44856 0.0465112 0.030994 4646
2 0.729824 0.468474 0.0631378 0.045063 4649
