2 0.329776 0.541064 0.0822165 0.0653003 3876
1 0.480902 0.542043 0.0216591 0.0370279 3853
0 0.426994 0.559519 0.0178455 0.0638568 3875
1 0.504169 0.557207 0.0230374 0.0378746 3893
0 0.502362 0.537667 0.0152245 0.0516719 3918
0 0.480043 0.524727 0.017546 0.0537343 3849
2 0.286353 0.527628 0.06925 0.049169 4015
2 0.365696 0.434087 0.0253193 0.0271401 4447
2 0.393773 0.431553 0.0255893 0.0232326 4463
2 0.34718 0.42915 0.016963 0.018492 4542
2 0.333873 0.423812 0.0154945 0.0191724 4600
2 0.193793 0.498437 0.0678906 0.0487666 4623
2 0.380888 0.458367 0.0468284 0.0296063 4646
2 0.567803 0.446392 0.0521609 0.035933 4649
2 0.893395 0.502773 0.064323 0.0540571 4666
