2 0.330149 0.540911 0.0808421 0.0640895 3876
1 0.481336 0.541365 0.020996 0.0358915 3853
0 0.427296 0.55846 0.0178933 0.0641152 3875
1 0.504656 0.556147 0.0231322 0.0381553 3893
0 0.502924 0.53719 0.0153671 0.0523693 3918
0 0.480169 0.523494 0.0175111 0.0536866 3849
2 0.286805 0.526783 0.0696657 0.0494797 4015
2 0.366083 0.432769 0.0251481 0.0269261 4447
2 0.394033 0.430681 0.025484 0.0231133 4463
2 0.347453 0.428242 0.0169371 0.0184749 4542
2 0.334354 0.422841 0.0153279 0.0189823 4600
2 0.171186 0.504495 0.0729356 0.0519894 4623
2 0.363287 0.459941 0.0491377 0.0309861 4646
2 0.549994 0.444375 0.0518805 0.0356719 4649
2 0.857027 0.493292 0.0645719 0.0534214 4666
