2 0.329633 0.540324 0.0811581 0.0643553 3876
1 0.480871 0.541544 0.0204641 0.0353428 3853
0 0.427015 0.557751 0.0178586 0.0640649 3875
1 0.504225 0.555326 0.0236842 0.0387478 3893
0 0.502986 0.53528 0.0145249 0.0500922 3918
0 0.479767 0.522669 0.017227 0.05314 3849
2 0.286129 0.526306 0.0698155 0.0496023 4015
2 0.365222 0.432581 0.025367 0.0272211 4447
2 0.393548 0.429732 0.0251653 0.0226168 4463
2 0.347236 0.427401 0.0172648 0.0187615 4542
2 0.334034 0.421435 0.0156431 0.0190938 4600
2 0.081115 0.532615 0.0697645 0.0443476 4646
2 0.327008 0.46687 0.0544697 0.0372093 4649
2 0.56959 0.44571 0.0497997 0.0363983 4666
2 0.793611 0.480946 0.0682266 0.0541532 4682
