2 0.329202 0.54123 0.0784431 0.0619208 3876
1 0.480856 0.541853 0.0202673 0.0349821 3853
0 0.425652 0.558113 0.0180843 0.0649984 3875
1 0.503751 0.554959 0.0242037 0.0400228 3893
0 0.502434 0.535751 0.0145343 0.0500826 3918
0 0.478804 0.522608 0.0171697 0.0526806 3849
2 0.285785 0.525942 0.0700253 0.0498043 4015
2 0.36494 0.432629 0.0255448 0.0275576 4447
2 0.39292 0.42978 0.0258078 0.0231238 4463
2 0.346413 0.427159 0.0168813 0.0184188 4542
2 0.333641 0.422095 0.0152681 0.0184156 4600
2 0.22033 0.492186 0.0658191 0.045448 4649
2 0.484521 0.444323 0.0485466 0.0350895 4666
2 0.723341 0.469426 0.0647385 0.0480047 4682
2 0.948729 0.513122 0.0483753 0.0607946 4699
