2 0.329635 0.540513 0.0808463 0.0641178 3876
1 0.480881 0.5417 0.0208817 0.036113 3853
0 0.426875 0.558127 0.0177676 0.0637484 3875
1 0.504122 0.555728 0.0236326 0.0385324 3893
0 0.502865 0.535944 0.0147805 0.050947 3918
0 0.479715 0.523323 0.0174498 0.0538855 3849
2 0.286218 0.526371 0.0701585 0.0498315 4015
2 0.365088 0.432494 0.0249651 0.0267279 4447
2 0.393522 0.430219 0.0247852 0.0222803 4463
2 0.347205 0.427526 0.0172344 0.0187418 4542
2 0.333873 0.422199 0.0155138 0.0189241 4600
2 0.108741 0.522529 0.0675002 0.0431298 4646
2 0.346521 0.463255 0.0536756 0.0366464 4649
2 0.587249 0.44749 0.0515292 0.0378971 4666
2 0.812474 0.485742 0.0672038 0.0542686 4682
