2 0.330213 0.540712 0.0781167 0.0612667 3876
1 0.4807 0.542186 0.0205282 0.0352305 3853
0 0.422659 0.558647 0.0180496 0.0654638 3875
1 0.503957 0.557393 0.0219982 0.035946 3893
0 0.502488 0.536943 0.0150335 0.0518178 3918
0 0.479441 0.522809 0.0172126 0.0531332 3849
2 0.286688 0.525507 0.0698114 0.0496647 4015
2 0.365484 0.432381 0.0256568 0.0276413 4447
2 0.393297 0.429811 0.0250701 0.022386 4463
2 0.346874 0.427173 0.016891 0.0183748 4542
2 0.333879 0.421114 0.016835 0.020579 4600
2 0.142446 0.515317 0.0746218 0.0515683 4649
2 0.434783 0.447761 0.0494018 0.0361238 4666
2 0.696106 0.465997 0.0654825 0.0473992 4682
2 0.89478 0.504472 0.0524959 0.0567607 4699
