2 0.354158 0.527787 0.073377 0.0564499 3876
1 0.477986 0.538081 0.0198064 0.0358361 3853
0 0.421468 0.557765 0.0179223 0.0651881 3875
1 0.503989 0.554327 0.0237823 0.0389056 3893
0 0.50356 0.531717 0.0143364 0.0511629 3918
0 0.4749 0.518626 0.0179704 0.0572941 3849
2 0.298101 0.517845 0.0728144 0.0523315 4015
2 0.365476 0.431619 0.0251324 0.0269116 4447
2 0.393681 0.428651 0.0255651 0.0229179 4463
2 0.347003 0.426549 0.0169028 0.0182921 4542
2 0.333494 0.420517 0.0162351 0.0198872 4600
2 0.330273 0.464744 0.0526551 0.0387388 4666
2 0.675919 0.457631 0.0635701 0.0472989 4682
2 0.817808 0.486431 0.0642477 0.05349 4699
2 0.964047 0.494625 0.0561676 0.0490833 4710
