2 0.340501 0.535246 0.0766671 0.0593361 3876
1 0.48079 0.540601 0.0206542 0.0363405 3853
0 0.421289 0.558366 0.0179196 0.065211 3875
1 0.503912 0.554475 0.0235472 0.0384545 3893
0 0.503201 0.536862 0.0151575 0.0530717 3918
0 0.479316 0.52014 0.0168917 0.0516647 3849
2 0.292117 0.523339 0.0680056 0.0481828 4015
2 0.365414 0.431747 0.0247801 0.0266543 4447
2 0.393787 0.429424 0.025622 0.0229038 4463
2 0.346895 0.427049 0.0168503 0.0182685 4542
2 0.334125 0.420041 0.0165312 0.0203698 4600
2 0.366975 0.458005 0.0503077 0.0369474 4666
2 0.678185 0.45918 0.0658091 0.0478985 4682
2 0.838233 0.491385 0.0623281 0.0559418 4699
