2 0.427066 0.483448 0.0564505 0.0437836 3876
1 0.475906 0.519604 0.0153033 0.0313639 3853
0 0.429855 0.551997 0.0166826 0.0639334 3875
1 0.488976 0.544275 0.0223467 0.0362868 3893
0 0.47612 0.501051 0.0144301 0.0528758 3849
2 0.349984 0.49237 0.057827 0.0420934 4015
2 0.366019 0.430986 0.0255651 0.0276903 4447
2 0.394226 0.427828 0.0254976 0.0227665 4463
2 0.347552 0.425514 0.0174975 0.0190854 4542
2 0.335971 0.418933 0.0173265 0.0214021 4600
2 0.181017 0.505401 0.0668736 0.0492127 4666
2 0.676194 0.4549 0.0615519 0.0480645 4682
2 0.783565 0.47622 0.0731265 0.0520567 4699
2 0.825468 0.46237 0.0536156 0.0430393 4710
2 0.278437 0.74739 0.120807 0.144068 4712
2 0.0325101 0.701087 0.030594 0.0799767 4719
1 0.533784 0.490883 0.017254 0.0267236 4721
2 0.0216813 0.652261 0.0301374 0.0373155 4723
