2 0.487734 0.439531 0.0337961 0.0299387 3876
0 0.446732 0.534718 0.0145168 0.0598255 3875
2 0.425154 0.451393 0.0402464 0.0307222 4015
2 0.36484 0.430565 0.025616 0.0280916 4447
2 0.392503 0.427886 0.0262933 0.0237649 4463
2 0.345992 0.425428 0.0168094 0.0190397 4542
2 0.677817 0.455327 0.0557616 0.0452789 4682
2 0.780613 0.475828 0.0775557 0.0517244 4699
2 0.724888 0.444471 0.0557406 0.0359187 4710
2 0.61477 0.663876 0.120407 0.120832 4712
2 0.196406 0.606727 0.0698344 0.0968249 4719
2 0.15868 0.582758 0.123102 0.0690981 4726
2 0.972379 0.51261 0.0347848 0.0472629 4728
2 0.921663 0.480914 0.0498447 0.0430213 4729
