2 0.498574 0.42043 0.0214797 0.0235999 3876
0 0.458236 0.524978 0.0138912 0.0574302 3875
2 0.453725 0.431508 0.0303659 0.0253049 4015
2 0.364076 0.430897 0.0254909 0.0280698 4447
2 0.39238 0.427618 0.0251886 0.0228725 4463
2 0.34509 0.425429 0.0163224 0.0190307 4542
2 0.677582 0.456229 0.0550711 0.0449806 4682
2 0.78031 0.475767 0.080497 0.0528667 4699
2 0.704062 0.4415 0.0523311 0.0352555 4710
2 0.858627 0.651416 0.139153 0.121415 4712
2 0.323272 0.538274 0.0650537 0.0715341 4719
2 0.267536 0.528307 0.0920248 0.0575966 4726
2 0.964235 0.513161 0.0453712 0.0498817 4728
2 0.85678 0.470592 0.0564672 0.0405084 4729
1 0.543319 0.482361 0.0185139 0.0277636 4721
2 0.0311803 0.650547 0.0484448 0.0561603 4723
0 0.503837 0.484912 0.0116057 0.0414716 4714
