2 0.496609 0.431315 0.0279468 0.0268468 3876
0 0.451132 0.532114 0.014523 0.0605174 3875
2 0.438567 0.443358 0.036122 0.0282661 4015
2 0.364078 0.430962 0.0255929 0.0280003 4447
2 0.391692 0.428382 0.0258369 0.0234314 4463
2 0.344955 0.426094 0.0166374 0.0189811 4542
2 0.677338 0.455681 0.0565566 0.0462224 4682
2 0.780033 0.475955 0.0787014 0.0520226 4699
2 0.714895 0.443221 0.0553212 0.0361743 4710
2 0.712641 0.657282 0.126568 0.120075 4712
2 0.250943 0.578079 0.0712139 0.0882735 4719
2 0.20562 0.560811 0.11499 0.066573 4726
2 0.96827 0.512173 0.0382288 0.0479709 4728
2 0.889402 0.475868 0.0536088 0.0429161 4729
1 0.524404 0.48903 0.0222941 0.0311089 4734
