2 0.482083 0.444601 0.0363201 0.0315096 3876
0 0.443219 0.537637 0.0150862 0.0619609 3875
3 0.476497 0.522712 0.0207318 0.0400522 3893
2 0.416464 0.455905 0.0429121 0.0325062 4015
2 0.364479 0.430866 0.0257932 0.0282342 4447
2 0.392306 0.428343 0.0263269 0.0237788 4463
2 0.345578 0.425842 0.0164198 0.0184895 4542
2 0.677255 0.455426 0.0568184 0.0461743 4682
2 0.779912 0.476571 0.0764097 0.051223 4699
2 0.731266 0.445772 0.0544506 0.0350297 4710
2 0.564977 0.67479 0.127989 0.133099 4712
2 0.167615 0.621429 0.0695782 0.104001 4719
2 0.133103 0.594418 0.125319 0.0696483 4726
2 0.9744 0.514443 0.0333585 0.0466175 4728
2 0.935501 0.483731 0.0472932 0.0422036 4729
3 0.474782 0.509742 0.0230105 0.0591821 3853
0 0.506274 0.485279 0.0132483 0.0476484 4714
