0 0.474084 0.513127 0.0133242 0.0554686 3875
2 0.461195 0.413712 0.0199318 0.0197063 4015
2 0.364274 0.43003 0.0254223 0.0283843 4447
2 0.392269 0.427403 0.0254189 0.0231441 4463
2 0.345105 0.42493 0.0161882 0.0191447 4542
2 0.677885 0.456035 0.0539469 0.0433248 4682
2 0.781298 0.47528 0.079723 0.0509411 4699
2 0.688675 0.435414 0.045783 0.0298853 4710
2 0.42947 0.475038 0.0508466 0.0499814 4719
2 0.374972 0.473521 0.061221 0.0429802 4726
2 0.957836 0.512632 0.0630908 0.0551702 4728
2 0.830258 0.46237 0.054122 0.0370528 4729
3 0.57418 0.465707 0.0150541 0.0240521 4721
2 0.187858 0.571428 0.0838218 0.0738819 4723
2 0.134511 0.647555 0.0738477 0.0973553 4741
2 0.958974 0.47941 0.0639406 0.0329116 4748
2 0.765257 0.440662 0.0594245 0.0258181 4749
1 0.541111 0.479906 0.018583 0.0264753 4734
