2 0.496772 0.41471 0.0177781 0.0211119 3876
0 0.46281 0.521352 0.0138424 0.0582265 3875
2 0.459033 0.424512 0.0264112 0.0232089 4015
2 0.364061 0.430744 0.0254366 0.028059 4447
2 0.391614 0.427751 0.0251945 0.0229019 4463
2 0.344541 0.425291 0.0165031 0.0193746 4542
2 0.677205 0.456776 0.053138 0.0430549 4682
2 0.7805 0.476117 0.0791635 0.0514529 4699
2 0.697708 0.439977 0.0514964 0.0348023 4710
2 0.944265 0.652161 0.136887 0.117811 4712
2 0.364132 0.514557 0.0608472 0.0634962 4719
2 0.311191 0.507443 0.0810062 0.0527006 4726
2 0.961431 0.512062 0.0499571 0.0501526 4728
2 0.841882 0.467581 0.055647 0.0385146 4729
1 0.555032 0.476491 0.0179597 0.0269724 4721
2 0.0624217 0.635783 0.0825277 0.0863346 4723
2 0.034542 0.709703 0.048614 0.0735809 4741
