0 0.469485 0.517958 0.0140517 0.0576709 3875
2 0.461361 0.418227 0.0228711 0.0214215 4015
2 0.364029 0.430454 0.025494 0.0282636 4447
2 0.391914 0.4278 0.0255625 0.0232216 4463
2 0.344345 0.425012 0.0163392 0.0191838 4542
2 0.677382 0.456371 0.0536095 0.0432529 4682
2 0.780364 0.476038 0.079055 0.0508552 4699
2 0.692862 0.438333 0.0494799 0.033487 4710
2 0.399384 0.493274 0.0558862 0.056255 4719
2 0.345269 0.489643 0.0695186 0.0470375 4726
2 0.959448 0.512756 0.0581964 0.0543133 4728
2 0.836708 0.464978 0.0549747 0.0377628 4729
3 0.565237 0.47037 0.0168149 0.025892 4721
2 0.122807 0.603191 0.0881892 0.0833345 4723
2 0.0684445 0.689385 0.0711596 0.102907 4741
2 0.96802 0.481807 0.0553629 0.0288808 4748
2 0.782493 0.44346 0.0548805 0.0237034 4749
