2 0.364084 0.431049 0.0253793 0.0284092 4447
2 0.391464 0.428705 0.0257673 0.0236083 4463
2 0.344579 0.426445 0.0158045 0.0187958 4542
2 0.677249 0.457772 0.0545586 0.0433694 4682
2 0.780459 0.476417 0.0807228 0.0512629 4699
2 0.687548 0.436625 0.0468975 0.0273581 4710
2 0.486148 0.434364 0.0324542 0.0348052 4719
2 0.440155 0.438261 0.037431 0.0297564 4726
2 0.95304 0.512801 0.0770269 0.0559101 4728
2 0.810438 0.460195 0.0507415 0.0353459 4729
2 0.358028 0.484439 0.0584331 0.0480936 4723
2 0.343238 0.531654 0.057482 0.0564954 4741
2 0.918679 0.477907 0.0848625 0.0414001 4748
2 0.729474 0.437646 0.0563307 0.0272782 4749
1 0.578505 0.462663 0.0148502 0.0233949 4734
2 0.447869 0.396817 0.0137277 0.0137871 4757
2 0.0629589 0.816986 0.0860285 0.11679 4762
1 0.59938 0.447475 0.0131039 0.0218853 4721
