2 0.364124 0.43127 0.025134 0.0280785 4447
2 0.391877 0.428895 0.0255023 0.0233348 4463
2 0.34497 0.426735 0.0157371 0.0185678 4542
2 0.677663 0.458119 0.0547712 0.0434166 4682
2 0.78134 0.477236 0.080968 0.0511355 4699
2 0.687852 0.437063 0.0480164 0.027361 4710
2 0.455025 0.427153 0.0305639 0.0262077 4726
2 0.953152 0.513588 0.0807816 0.0556863 4728
2 0.806937 0.459751 0.0495278 0.0348375 4729
2 0.404315 0.45925 0.0466837 0.038192 4723
2 0.398576 0.497915 0.0508932 0.0468454 4741
2 0.914794 0.477543 0.0850281 0.0421529 4748
2 0.724875 0.436361 0.0496953 0.0265409 4749
2 0.168831 0.780696 0.12763 0.159738 4762
0 0.61137 0.431354 0.0147733 0.0271137 4721
2 0.87058 0.45789 0.0712093 0.0353123 4767
2 0.085987 0.672828 0.0983506 0.111181 4768
2 0.496564 0.424825 0.0157351 0.0297544 4769
