2 0.364175 0.431303 0.0249688 0.0278588 4447
2 0.392026 0.428715 0.0250032 0.0228804 4463
2 0.345281 0.426601 0.0157346 0.0185043 4542
2 0.678025 0.457591 0.0543065 0.0429767 4682
2 0.781286 0.476747 0.0821287 0.0518376 4699
2 0.688158 0.436627 0.0482246 0.0272605 4710
2 0.458218 0.423699 0.0290491 0.0256403 4726
2 0.953625 0.512994 0.0818565 0.0557279 4728
2 0.806065 0.459053 0.0501283 0.0352192 4729
2 0.417302 0.452546 0.0424409 0.0344888 4723
2 0.414338 0.488475 0.0489221 0.0443369 4741
2 0.914519 0.476817 0.0842354 0.0419558 4748
2 0.724058 0.435505 0.0474635 0.0263286 4749
2 0.225237 0.761148 0.132023 0.160047 4762
0 0.615501 0.428654 0.0147626 0.0283145 4721
2 0.859787 0.457116 0.0776518 0.0386585 4767
2 0.132759 0.645482 0.0940319 0.104446 4768
2 0.496972 0.420567 0.0148678 0.0280884 4769
