2 0.364074 0.432096 0.0250952 0.0278641 4447
2 0.391885 0.429276 0.0248866 0.0226923 4463
2 0.345099 0.427411 0.0154521 0.0178664 4542
2 0.677441 0.45861 0.0555632 0.0440136 4682
2 0.780872 0.477672 0.0820473 0.0518996 4699
2 0.688023 0.437468 0.0491627 0.0273283 4710
2 0.462234 0.415884 0.0230945 0.0224267 4726
2 0.953306 0.514328 0.084679 0.0556984 4728
2 0.805149 0.460057 0.0500299 0.0350757 4729
2 0.444818 0.438912 0.0381775 0.0319787 4723
2 0.449988 0.466269 0.0426562 0.0374283 4741
2 0.914374 0.478461 0.0823814 0.0417675 4748
2 0.721353 0.436615 0.0396652 0.0245148 4749
2 0.376608 0.708137 0.137716 0.153357 4762
0 0.625174 0.425035 0.0114917 0.0246712 4721
2 0.836461 0.454573 0.0773909 0.0400541 4767
2 0.25804 0.579124 0.0812501 0.0852385 4768
2 0.495872 0.413399 0.0126749 0.0237278 4769
2 0.13171 0.600587 0.0838098 0.0821432 4772
