2 0.36419 0.434117 0.0251276 0.0280223 4447
2 0.391973 0.431094 0.0254447 0.0233581 4463
2 0.345192 0.429568 0.0152596 0.0174728 4542
2 0.677456 0.460715 0.0551504 0.0435543 4682
2 0.780944 0.479413 0.0814508 0.0517148 4699
2 0.690886 0.439233 0.049457 0.027102 4710
2 0.953487 0.515723 0.0883057 0.0548792 4728
2 0.794971 0.460389 0.0570312 0.0366221 4729
2 0.915148 0.479844 0.0795548 0.0416922 4748
2 0.721106 0.437864 0.0320272 0.0249376 4749
2 0.735289 0.651107 0.134936 0.127642 4762
2 0.795576 0.444053 0.051967 0.0267838 4767
2 0.43115 0.477971 0.0516724 0.0494555 4768
2 0.466135 0.401335 0.0124083 0.0174363 4769
2 0.353972 0.488364 0.0539043 0.0470575 4772
2 0.443743 0.406882 0.0142884 0.0187142 4776
0 0.527939 0.489831 0.0109066 0.0468995 3875
2 0.347275 0.726706 0.107311 0.137409 4779
2 0.4977 0.433509 0.0176712 0.0257431 3853
0 0.463813 0.516044 0.0103162 0.0416962 4782
