2 0.364082 0.433719 0.0249907 0.027853 4447
2 0.392231 0.430565 0.0251288 0.0229915 4463
2 0.345185 0.428981 0.0152875 0.017548 4542
2 0.677458 0.459729 0.0548923 0.0433423 4682
2 0.781294 0.478676 0.0814236 0.0517121 4699
2 0.688496 0.439183 0.053238 0.0289685 4710
2 0.953577 0.514652 0.0883512 0.0552176 4728
2 0.796825 0.459832 0.0541392 0.0355483 4729
2 0.466128 0.417239 0.0238754 0.0244465 4723
2 0.915235 0.479041 0.0797223 0.0415861 4748
2 0.721698 0.437471 0.0322269 0.0245302 4749
2 0.696742 0.650071 0.128534 0.125433 4762
2 0.797919 0.443583 0.0531145 0.0278457 4767
2 0.417383 0.486233 0.0544323 0.0522568 4768
2 0.47103 0.401757 0.0125757 0.0185299 4769
2 0.335148 0.498099 0.05681 0.0500965 4772
2 0.447043 0.407381 0.014392 0.0190994 4776
0 0.52663 0.490811 0.0110516 0.0474757 3875
2 0.294611 0.740677 0.104042 0.137038 4779
2 0.494546 0.436209 0.0188661 0.0269365 3853
