2 0.364391 0.43378 0.0250296 0.0278638 4447
2 0.392195 0.430851 0.0252048 0.0230839 4463
2 0.345389 0.429041 0.0159495 0.0182708 4542
2 0.677862 0.460002 0.0552356 0.0436508 4682
2 0.781374 0.47898 0.0818052 0.0520042 4699
2 0.689525 0.438078 0.0475338 0.0257854 4710
2 0.95378 0.51507 0.0891703 0.0552859 4728
2 0.800991 0.460138 0.0560649 0.0360748 4729
2 0.915604 0.479117 0.0781261 0.0409211 4748
2 0.721563 0.437483 0.0311207 0.0247112 4749
2 0.781288 0.650433 0.140368 0.127978 4762
2 0.794113 0.442713 0.0497056 0.0249088 4767
2 0.444276 0.469152 0.0490026 0.0468007 4768
2 0.462015 0.399984 0.012887 0.0174125 4769
2 0.371724 0.478464 0.0517196 0.0448576 4772
2 0.440871 0.40519 0.0136652 0.0174654 4776
0 0.530045 0.488098 0.0108744 0.0472568 3875
2 0.399281 0.713417 0.110093 0.136773 4779
2 0.499201 0.429358 0.0172668 0.0254112 3853
0 0.467282 0.520521 0.0111833 0.044793 4782
