2 0.364298 0.433149 0.0248877 0.0276444 4447
2 0.392128 0.430124 0.0250245 0.0229254 4463
2 0.345125 0.428372 0.0158152 0.0180407 4542
2 0.677815 0.459196 0.0557218 0.044177 4682
2 0.7818 0.478155 0.0821411 0.0522087 4699
2 0.69224 0.437519 0.0474188 0.0252998 4710
2 0.953936 0.514867 0.0902217 0.0546003 4728
2 0.797346 0.459204 0.0616545 0.0376228 4729
2 0.915932 0.478512 0.0783875 0.0418708 4748
2 0.721819 0.43711 0.0278662 0.02456 4749
2 0.794366 0.442063 0.0534639 0.023826 4767
2 0.448029 0.435379 0.0352926 0.0313671 4772
2 0.414145 0.39811 0.0132977 0.0154222 4776
0 0.544843 0.478204 0.0105142 0.043097 3875
2 0.738523 0.674541 0.121931 0.126633 4779
2 0.495985 0.411805 0.0108893 0.015889 3853
0 0.483801 0.539388 0.0140021 0.0504613 4782
2 0.443508 0.404233 0.0145376 0.018755 4784
2 0.0805649 0.637799 0.0774594 0.079666 4791
3 0.484845 0.557173 0.0222393 0.0383191 4796
