2 0.364078 0.433597 0.0249983 0.0278098 4447
2 0.391845 0.430517 0.0253512 0.0230844 4463
2 0.344651 0.42857 0.016322 0.0189464 4542
2 0.67741 0.459589 0.055198 0.0438602 4682
2 0.781121 0.478745 0.0815581 0.0517951 4699
2 0.688632 0.438218 0.0509125 0.0286638 4710
2 0.9534 0.514502 0.0925784 0.0554677 4728
2 0.796783 0.458678 0.0660504 0.0385012 4729
2 0.914609 0.478984 0.0773947 0.0407826 4748
2 0.721719 0.437355 0.0256851 0.0244479 4749
2 0.794053 0.442144 0.0588225 0.0242211 4767
2 0.377125 0.391512 0.0115527 0.0126006 4776
0 0.564645 0.46537 0.00941703 0.0395514 3875
0 0.489421 0.547216 0.0156712 0.0528862 4782
2 0.401438 0.395013 0.0131622 0.0144634 4784
1 0.490534 0.564356 0.0224431 0.0452532 4796
2 0.448006 0.40612 0.0158732 0.0214562 4812
2 0.412559 0.463109 0.0428737 0.0334774 4823
2 0.0734503 0.791407 0.094606 0.134804 4824
1 0.744029 0.425095 0.0151216 0.0177641 4828
