2 0.363949 0.432875 0.0254143 0.0282788 4447
2 0.391764 0.430101 0.0251256 0.0228114 4463
2 0.344514 0.428271 0.0161794 0.0188019 4542
2 0.677242 0.45854 0.0551228 0.0437777 4682
2 0.780629 0.477437 0.0816872 0.0518663 4699
2 0.688271 0.437651 0.0501649 0.0280681 4710
2 0.953689 0.512728 0.0929407 0.0557403 4728
2 0.80108 0.458369 0.0631746 0.0372769 4729
2 0.914787 0.477286 0.0783843 0.0413743 4748
2 0.721265 0.435785 0.0263824 0.025225 4749
2 0.793547 0.441147 0.0598289 0.0244947 4767
2 0.374014 0.390796 0.0109238 0.0119187 4776
0 0.566407 0.463455 0.00940946 0.0394715 3875
0 0.489149 0.546432 0.0156137 0.0525788 4782
2 0.398199 0.393766 0.0130674 0.0142381 4784
1 0.490361 0.564216 0.0215169 0.0439455 4796
2 0.444707 0.404018 0.0167932 0.0225112 4812
2 0.424866 0.455749 0.0405922 0.0317373 4823
2 0.0968178 0.775154 0.0941337 0.129239 4824
0 0.929004 0.440821 0.00968577 0.0340278 4830
2 0.475995 0.403082 0.016232 0.0192329 4832
