2 0.364115 0.432087 0.0252366 0.028113 4447
2 0.391968 0.429475 0.0259279 0.0236189 4463
2 0.345051 0.427547 0.0160135 0.018466 4542
2 0.678088 0.458649 0.05489 0.0435905 4682
2 0.781286 0.47802 0.0814993 0.0517535 4699
2 0.689771 0.436584 0.0467052 0.0263705 4710
2 0.95371 0.513939 0.0931468 0.055894 4728
2 0.804621 0.459526 0.0613611 0.0365301 4729
2 0.915518 0.478195 0.0769898 0.0407421 4748
2 0.722043 0.43658 0.0258109 0.0243585 4749
2 0.794655 0.441834 0.0589653 0.0245587 4767
2 0.382107 0.391303 0.0109632 0.0121741 4776
0 0.561908 0.466655 0.00962098 0.0408199 3875
0 0.490088 0.545983 0.0155201 0.0525946 4782
2 0.408101 0.395387 0.0130978 0.0146439 4784
1 0.490895 0.563243 0.0231318 0.0452591 4796
2 0.487754 0.406278 0.011846 0.0207567 4804
2 0.454082 0.408736 0.0159244 0.0220708 4812
2 0.0500912 0.65104 0.0761443 0.0762923 4820
