2 0.36429 0.434059 0.025176 0.0279734 4447
2 0.391877 0.431347 0.0252288 0.0229681 4463
2 0.345215 0.429295 0.0157984 0.0182818 4542
2 0.677548 0.46052 0.054803 0.0434343 4682
2 0.781238 0.478993 0.0823467 0.0521778 4699
2 0.688267 0.438487 0.0494555 0.0267231 4710
2 0.95361 0.515091 0.0918978 0.0547776 4728
2 0.796348 0.459748 0.0650497 0.0376322 4729
2 0.915673 0.479454 0.0782066 0.0414266 4748
2 0.722142 0.437942 0.0251135 0.0245585 4749
2 0.794513 0.443105 0.060984 0.0248327 4767
0 0.57635 0.458109 0.00890172 0.0343262 3875
0 0.492941 0.55258 0.0160398 0.051732 4782
1 0.493391 0.568984 0.0208601 0.0448394 4796
2 0.425511 0.399335 0.0160432 0.0204747 4812
2 0.459894 0.433753 0.0311147 0.0256099 4823
2 0.280809 0.727889 0.145838 0.161536 4824
2 0.455681 0.398831 0.014726 0.0166681 4832
2 0.341065 0.499279 0.052358 0.0424509 4791
