2 0.364807 0.433332 0.0253821 0.0281877 4447
2 0.392337 0.430721 0.0248138 0.0225018 4463
2 0.345447 0.429229 0.0158551 0.0183876 4542
2 0.677727 0.460137 0.0552494 0.0438588 4682
2 0.781475 0.478981 0.0813811 0.0515782 4699
2 0.688724 0.438416 0.0487408 0.0266633 4710
2 0.953907 0.514845 0.0914115 0.0546041 4728
2 0.800873 0.460354 0.0603734 0.0358316 4729
2 0.916187 0.478694 0.0770589 0.0405864 4748
2 0.722466 0.437652 0.0254084 0.0246673 4749
2 0.794581 0.443407 0.0623595 0.0255066 4767
0 0.573024 0.461826 0.00926183 0.0381924 3875
0 0.490694 0.547734 0.0151451 0.0500823 4782
2 0.390506 0.392907 0.01291 0.0140384 4784
1 0.491012 0.567585 0.0195418 0.041097 4796
2 0.4335 0.400652 0.0163489 0.0211374 4812
2 0.450537 0.441696 0.0341731 0.0271784 4823
2 0.190629 0.751366 0.135235 0.162393 4824
2 0.46448 0.400382 0.0156478 0.0182226 4832
2 0.287925 0.524513 0.0629529 0.0544731 4791
0 0.916613 0.441009 0.01019 0.03452 4843
