2 0.363489 0.434601 0.0248312 0.0275112 4447
2 0.391413 0.431685 0.0255849 0.0233306 4463
2 0.344218 0.429426 0.0162009 0.0187883 4542
2 0.67692 0.460678 0.0544525 0.0430015 4682
2 0.780337 0.479199 0.081377 0.0515285 4699
2 0.687578 0.438922 0.0508097 0.0268015 4710
2 0.953184 0.5153 0.0921897 0.0546086 4728
2 0.802816 0.46098 0.0582151 0.0355846 4729
2 0.914686 0.478723 0.0777705 0.0414834 4748
2 0.721281 0.438131 0.0249766 0.0248348 4749
2 0.793695 0.442678 0.0591764 0.0240408 4767
0 0.585044 0.455231 0.00926704 0.0369887 3875
0 0.507376 0.574029 0.0251201 0.0598219 4796
2 0.403527 0.395773 0.0141723 0.0170161 4812
2 0.463517 0.417366 0.0203975 0.0196453 4823
2 0.537445 0.675772 0.155966 0.150614 4824
2 0.437881 0.447514 0.0355957 0.0276237 4791
