2 0.364548 0.433763 0.0252594 0.0280771 4447
2 0.392098 0.431257 0.0253868 0.023094 4463
2 0.345427 0.429422 0.0152814 0.0176628 4542
2 0.677597 0.460509 0.055182 0.0437926 4682
2 0.781312 0.479176 0.0819474 0.0519191 4699
2 0.688413 0.438488 0.0489073 0.026576 4710
2 0.953705 0.515336 0.091179 0.0543672 4728
2 0.797887 0.460505 0.0617028 0.0360547 4729
2 0.915882 0.479422 0.0778935 0.0411629 4748
2 0.722074 0.437809 0.0256559 0.0250162 4749
2 0.79431 0.443653 0.061405 0.0250374 4767
0 0.574977 0.456448 0.00759354 0.0290747 3875
0 0.491888 0.550317 0.0157471 0.0511289 4782
1 0.491893 0.56666 0.0217459 0.0465797 4796
2 0.429375 0.399937 0.0164692 0.0211791 4812
2 0.455735 0.437658 0.0331912 0.026821 4823
2 0.235221 0.738499 0.140035 0.160965 4824
2 0.459968 0.399386 0.0147462 0.0169313 4832
2 0.315197 0.511948 0.0568968 0.0474492 4791
