2 0.36143 0.435493 0.0250672 0.0274476 4447
2 0.389623 0.432275 0.0257474 0.0235352 4463
2 0.342436 0.43052 0.0155393 0.0178138 4542
2 0.674524 0.459433 0.0554995 0.0437192 4682
2 0.778137 0.477303 0.0818366 0.0519451 4699
2 0.685661 0.43799 0.0524008 0.0275509 4710
2 0.951743 0.512267 0.0927902 0.0541178 4728
2 0.792477 0.458362 0.0646896 0.0376648 4729
2 0.910971 0.476894 0.0772395 0.0408143 4748
2 0.718782 0.437208 0.0242093 0.0240252 4749
2 0.791245 0.440957 0.0593335 0.023884 4767
0 0.522322 0.594629 0.0224195 0.0586932 4796
2 0.389752 0.394221 0.0128424 0.0150648 4812
2 0.451718 0.411666 0.0168184 0.0166162 4823
2 0.75535 0.660907 0.162744 0.142034 4824
2 0.460876 0.428261 0.0276141 0.0232415 4791
1 0.862992 0.440787 0.0255359 0.0253196 4861
