2 0.360261 0.434556 0.0251419 0.0275033 4447
2 0.388613 0.431587 0.0256282 0.0232149 4463
2 0.34166 0.430114 0.0156452 0.017761 4542
2 0.673479 0.459156 0.0548608 0.043134 4682
2 0.777146 0.476693 0.0813615 0.0518374 4699
2 0.683871 0.438122 0.0534699 0.028083 4710
2 0.950934 0.512075 0.0943705 0.0541171 4728
2 0.791489 0.458153 0.0644617 0.0369224 4729
2 0.909933 0.477009 0.0769948 0.0403026 4748
2 0.71765 0.436571 0.0247376 0.0247858 4749
2 0.789807 0.44091 0.0621465 0.0250982 4767
0 0.5512 0.637798 0.0265685 0.0739306 4796
2 0.378411 0.392514 0.0114824 0.0125788 4812
2 0.438082 0.405942 0.0160536 0.0158242 4823
2 0.942805 0.673496 0.172756 0.143902 4824
2 0.460712 0.417459 0.0169586 0.0194771 4870
1 0.548982 0.664847 0.0245345 0.0592016 4871
0 0.843557 0.427835 0.0118666 0.0296838 4850
2 0.415785 0.455364 0.0395213 0.0307425 4873
0 0.902616 0.442581 0.0301296 0.0305975 4861
