2 0.360329 0.43449 0.0253292 0.0275755 4447
2 0.388341 0.431669 0.0256516 0.0232724 4463
2 0.341691 0.429826 0.016097 0.0179838 4542
2 0.673601 0.459816 0.0549938 0.0432816 4682
2 0.776734 0.478175 0.0800173 0.0508608 4699
2 0.684711 0.438585 0.0537395 0.0282373 4710
2 0.950794 0.513538 0.0958298 0.0544443 4728
2 0.791324 0.459196 0.0654795 0.0363707 4729
2 0.909974 0.477863 0.0789219 0.0415685 4748
2 0.717764 0.437538 0.0242371 0.0243748 4749
2 0.789274 0.442138 0.0599951 0.0239782 4767
2 0.42407 0.402463 0.0145495 0.014007 4823
2 0.449922 0.409831 0.0147883 0.0164023 4870
0 0.826727 0.425717 0.0105797 0.0292338 4850
2 0.451162 0.431355 0.030773 0.0245602 4873
0 0.600358 0.443767 0.00787837 0.0329874 3875
