2 0.360062 0.434415 0.0253049 0.0275597 4447
2 0.388038 0.431454 0.0255938 0.0232656 4463
2 0.341088 0.429509 0.0164298 0.0184564 4542
2 0.673418 0.459336 0.0546793 0.0430948 4682
2 0.776257 0.47782 0.0793428 0.0501699 4699
2 0.683763 0.43706 0.0509183 0.0266394 4710
2 0.950667 0.512604 0.0965609 0.0544599 4728
2 0.791508 0.458797 0.0660358 0.0367568 4729
2 0.909275 0.47743 0.0777387 0.0408659 4748
2 0.717524 0.43707 0.0244515 0.0245766 4749
2 0.788441 0.441593 0.0609407 0.0242515 4767
2 0.414156 0.398738 0.0160002 0.0153597 4823
2 0.437717 0.405864 0.0142368 0.0150446 4870
2 0.458204 0.419604 0.0237892 0.0202214 4873
0 0.603756 0.440406 0.00725053 0.0296312 3875
