2 0.360159 0.434116 0.0253672 0.0276659 4447
2 0.388192 0.43112 0.0256448 0.0232776 4463
2 0.340819 0.429442 0.0160749 0.0183075 4542
2 0.673597 0.458756 0.0551411 0.0435124 4682
2 0.776496 0.47726 0.0800169 0.0502705 4699
2 0.683929 0.436772 0.0501346 0.0264733 4710
2 0.950872 0.512056 0.096519 0.0540776 4728
2 0.799315 0.45868 0.0620189 0.0359494 4729
2 0.909832 0.476608 0.0770983 0.0405044 4748
2 0.717203 0.436056 0.0248077 0.0247203 4749
2 0.78901 0.441079 0.0621512 0.0247405 4767
2 0.398039 0.397072 0.0127236 0.0118761 4823
2 0.419072 0.401218 0.0131734 0.0126665 4870
2 0.446433 0.4083 0.0180675 0.0164865 4873
2 0.425409 0.446793 0.0383509 0.0332298 4884
0 0.797345 0.417824 0.00745824 0.022559 4850
