2 0.360291 0.434308 0.0251095 0.0273618 4447
2 0.388182 0.431497 0.0254889 0.0230736 4463
2 0.340967 0.429531 0.0163466 0.0184905 4542
2 0.673451 0.458722 0.0546822 0.0430413 4682
2 0.7763 0.476945 0.0802979 0.0506542 4699
2 0.687665 0.436102 0.0497101 0.0265117 4710
2 0.951106 0.511365 0.0964912 0.0543293 4728
2 0.792105 0.458374 0.0655575 0.0362176 4729
2 0.909598 0.476449 0.077251 0.0406076 4748
2 0.717181 0.43571 0.0246923 0.0247484 4749
2 0.788602 0.441226 0.0651824 0.02611 4767
2 0.407317 0.398413 0.0137623 0.0131196 4823
2 0.429959 0.403355 0.0141487 0.014595 4870
2 0.45613 0.414193 0.0206852 0.0182769 4873
0 0.606597 0.436767 0.00676702 0.0268228 3875
2 0.384388 0.469599 0.0475859 0.041046 4884
0 0.807511 0.419351 0.00854022 0.0255882 4850
