2 0.360375 0.433064 0.0255509 0.0277806 4447
2 0.388052 0.43056 0.0251879 0.0225737 4463
2 0.341296 0.42863 0.015626 0.0179072 4542
2 0.673637 0.458153 0.0545228 0.0431174 4682
2 0.776256 0.47656 0.0813308 0.0509841 4699
2 0.684198 0.436451 0.0505507 0.0272595 4710
2 0.950841 0.511814 0.0968138 0.0536437 4728
2 0.790542 0.457854 0.0682507 0.037226 4729
2 0.910043 0.476698 0.0769452 0.0405955 4748
2 0.717103 0.435463 0.0250172 0.0248266 4749
2 0.78982 0.439971 0.0632202 0.0251581 4767
2 0.374203 0.39027 0.0141882 0.0143918 4823
2 0.456018 0.411147 0.0217477 0.0220116 4884
0 0.767036 0.417159 0.00830879 0.0263531 4850
0 0.621092 0.434271 0.00676479 0.026169 3875
