2 0.360222 0.43449 0.0253418 0.0276652 4447
2 0.388341 0.431923 0.0252931 0.022836 4463
2 0.341166 0.430278 0.0152927 0.0174527 4542
2 0.673329 0.459358 0.0556053 0.0442345 4682
2 0.776509 0.478153 0.0808873 0.05079 4699
2 0.687286 0.438316 0.0502281 0.02741 4710
2 0.950776 0.513089 0.097369 0.0542301 4728
2 0.790494 0.458428 0.0677188 0.037662 4729
2 0.909757 0.477713 0.0779988 0.0411877 4748
2 0.717092 0.437194 0.0243318 0.0240916 4749
2 0.789894 0.44172 0.0614243 0.0244754 4767
2 0.384534 0.394342 0.0137256 0.0130463 4823
2 0.402947 0.398996 0.0120763 0.0106325 4870
2 0.456644 0.423458 0.0274071 0.0253722 4884
0 0.779771 0.419195 0.00864112 0.0274778 4850
0 0.615689 0.436096 0.00745888 0.0291759 3875
