2 0.360108 0.43392 0.0251624 0.0274138 4447
2 0.388281 0.430736 0.0255556 0.0230019 4463
2 0.341257 0.428841 0.0160448 0.0184362 4542
2 0.673633 0.458509 0.0537785 0.0425831 4682
2 0.776422 0.476518 0.0810195 0.050794 4699
2 0.684601 0.436422 0.0499435 0.0270437 4710
2 0.950881 0.511549 0.097202 0.0540283 4728
2 0.79101 0.457722 0.0677902 0.0373112 4729
2 0.909928 0.476279 0.0768485 0.0405707 4748
2 0.717108 0.435311 0.0254578 0.0252797 4749
2 0.789322 0.44043 0.062413 0.0248588 4767
2 0.378659 0.392751 0.0124434 0.0119843 4823
2 0.458478 0.415303 0.0239548 0.0232924 4884
0 0.773829 0.418036 0.0081693 0.0255905 4850
0 0.618378 0.433764 0.00730324 0.0288676 3875
