2 0.360788 0.433601 0.0255104 0.0276872 4447
2 0.388568 0.430789 0.0259031 0.0233005 4463
2 0.341831 0.428814 0.0157633 0.0181481 4542
2 0.674015 0.458735 0.0547097 0.0432586 4682
2 0.777291 0.476702 0.0820108 0.0516589 4699
2 0.682557 0.438999 0.0537272 0.0295975 4710
2 0.95117 0.512134 0.0967986 0.0535593 4728
2 0.797117 0.458252 0.0670431 0.037177 4729
2 0.91012 0.47679 0.07704 0.0405457 4748
2 0.718027 0.435883 0.0247323 0.0245644 4749
2 0.790062 0.440711 0.0623671 0.0247647 4767
2 0.371672 0.390181 0.0136069 0.0140431 4823
2 0.45084 0.408817 0.0187989 0.0193081 4884
0 0.761473 0.416641 0.00828915 0.0268618 4850
