2 0.36024 0.431782 0.025493 0.0275797 4447
2 0.388224 0.428847 0.0259471 0.0233899 4463
2 0.34108 0.427274 0.0160326 0.0185402 4542
2 0.673586 0.456889 0.0541929 0.0425143 4682
2 0.776985 0.475392 0.0800179 0.0502926 4699
2 0.686741 0.435201 0.0484706 0.0264045 4710
2 0.951108 0.510526 0.0984786 0.0545872 4728
2 0.791493 0.456663 0.0681836 0.0373585 4729
2 0.910417 0.475421 0.0784598 0.0412837 4748
2 0.717213 0.43397 0.025009 0.0249853 4749
2 0.789663 0.437958 0.0619029 0.0246191 4767
2 0.425765 0.399048 0.0163807 0.0164599 4884
0 0.741928 0.413726 0.00839945 0.0267959 4850
