2 0.359941 0.432133 0.0256375 0.0277974 4447
2 0.388062 0.429399 0.0257806 0.0232735 4463
2 0.340874 0.427579 0.0160944 0.0186718 4542
2 0.673397 0.457397 0.053994 0.0423484 4682
2 0.776376 0.475567 0.0806974 0.0507342 4699
2 0.684577 0.435429 0.0486538 0.0260558 4710
2 0.950878 0.510714 0.0986024 0.0546527 4728
2 0.792864 0.456962 0.0668111 0.0369744 4729
2 0.909601 0.475325 0.0775983 0.0408273 4748
2 0.717034 0.434136 0.025011 0.0249541 4749
2 0.789054 0.438448 0.0616233 0.0243991 4767
2 0.417333 0.398174 0.0155533 0.0154405 4884
0 0.736369 0.412934 0.0076966 0.0256895 4850
