2 0.359642 0.43165 0.0257071 0.0280319 4447
2 0.387791 0.428906 0.0256057 0.0230888 4463
2 0.340804 0.426958 0.0156285 0.0182161 4542
2 0.673113 0.456812 0.0548162 0.0428338 4682
2 0.776347 0.474911 0.0797363 0.050023 4699
2 0.686889 0.435485 0.0496271 0.0269906 4710
2 0.950585 0.510341 0.0980101 0.0541233 4728
2 0.790517 0.456268 0.0684663 0.0372122 4729
2 0.909566 0.474973 0.0773558 0.0407902 4748
2 0.717396 0.433906 0.0248238 0.0247995 4749
2 0.789429 0.437951 0.061897 0.0245186 4767
2 0.403144 0.394608 0.0134119 0.0131395 4884
2 0.317069 0.417906 0.0136163 0.0161728 4890
