2 0.359131 0.432464 0.025475 0.0277315 4447
2 0.387197 0.429699 0.0256912 0.023225 4463
2 0.339952 0.427643 0.016425 0.0192235 4542
2 0.67286 0.457706 0.0546965 0.0429285 4682
2 0.775316 0.476403 0.0806216 0.050638 4699
2 0.686406 0.435888 0.0476669 0.0273914 4710
2 0.950066 0.511843 0.0988025 0.0543185 4728
2 0.78933 0.457553 0.0701777 0.0377877 4729
2 0.908291 0.476395 0.0776128 0.0411258 4748
2 0.716659 0.435538 0.0241254 0.0240644 4749
2 0.788641 0.44005 0.0631105 0.0251514 4767
2 0.394588 0.391612 0.0119478 0.0120578 4884
2 0.316476 0.418219 0.0139661 0.016904 4890
0 0.70857 0.41228 0.00712922 0.0246669 4850
