2 0.359081 0.433205 0.0253889 0.0276399 4447
2 0.387431 0.43046 0.0252045 0.0227085 4463
2 0.340247 0.428308 0.016214 0.0188989 4542
2 0.672803 0.458315 0.0556927 0.0437478 4682
2 0.775286 0.477124 0.0813143 0.0511116 4699
2 0.691946 0.435359 0.0446724 0.0258121 4710
2 0.950087 0.512752 0.0990463 0.054513 4728
2 0.789077 0.457653 0.0710109 0.0383339 4729
2 0.907976 0.477115 0.0784396 0.0415629 4748
2 0.716105 0.436347 0.0246085 0.0245634 4749
2 0.788535 0.440826 0.061032 0.024203 4767
2 0.395497 0.392785 0.0125326 0.0125513 4884
2 0.316567 0.418912 0.0133361 0.0160084 4890
0 0.711378 0.412836 0.00692609 0.0242669 4850
