2 0.358625 0.432917 0.0257029 0.0280198 4447
2 0.386726 0.430107 0.0255382 0.0230585 4463
2 0.339693 0.428143 0.0157675 0.0183452 4542
2 0.672384 0.458029 0.0557025 0.0436732 4682
2 0.774692 0.476707 0.0818176 0.0514264 4699
2 0.684367 0.437699 0.0517693 0.0282915 4710
2 0.949574 0.512601 0.0988981 0.0544789 4728
2 0.788553 0.45781 0.0694955 0.0376372 4729
2 0.907907 0.477215 0.0777592 0.0411492 4748
2 0.715859 0.436042 0.0247883 0.0247697 4749
2 0.788162 0.441425 0.0639085 0.0254402 4767
2 0.399561 0.395376 0.0131399 0.0128953 4884
2 0.31611 0.418849 0.0133978 0.0159357 4890
0 0.719021 0.413538 0.00730896 0.0256552 4850
