2 0.35929 0.432909 0.0252054 0.0276232 4447
2 0.387451 0.430022 0.0259713 0.0234727 4463
2 0.34019 0.428265 0.0160354 0.0187479 4542
2 0.672812 0.457771 0.0543506 0.0430135 4682
2 0.775327 0.476316 0.0811358 0.0510521 4699
2 0.688652 0.436033 0.0442818 0.0258445 4710
2 0.950346 0.5121 0.0985189 0.0539468 4728
2 0.790097 0.457243 0.0707768 0.037907 4729
2 0.908716 0.476672 0.0763014 0.0403778 4748
2 0.716223 0.43531 0.025088 0.0249539 4749
2 0.788911 0.440155 0.0609874 0.0242622 4767
2 0.317009 0.418867 0.0128031 0.0158732 4890
2 0.242664 0.772015 0.161823 0.164298 4891
