2 0.360051 0.43311 0.0256614 0.0281254 4447
2 0.38809 0.430304 0.0255755 0.0230139 4463
2 0.340776 0.428479 0.0158596 0.018582 4542
2 0.67364 0.458535 0.0551016 0.0436083 4682
2 0.776431 0.476756 0.081186 0.050984 4699
2 0.684277 0.436657 0.0447735 0.0257741 4710
2 0.950803 0.512582 0.0979579 0.0537019 4728
2 0.797087 0.458476 0.0655475 0.036251 4729
2 0.909328 0.477243 0.0766855 0.04051 4748
2 0.716996 0.435624 0.0253434 0.0251598 4749
2 0.788511 0.441145 0.0653513 0.0265137 4767
2 0.317264 0.418792 0.0128402 0.0159514 4890
2 0.600963 0.67653 0.149884 0.141721 4891
