2 0.360325 0.433339 0.0253277 0.0276818 4447
2 0.388529 0.430552 0.0256612 0.0229826 4463
2 0.341253 0.428744 0.0159265 0.0187313 4542
2 0.67372 0.458616 0.0552701 0.0441144 4682
2 0.776876 0.476999 0.0815017 0.0514739 4699
2 0.686324 0.437825 0.048411 0.0281441 4710
2 0.951037 0.512846 0.0981245 0.0538558 4728
2 0.796232 0.458384 0.0646811 0.037006 4729
2 0.909849 0.477842 0.075784 0.0396303 4748
2 0.717541 0.436542 0.0242343 0.0239493 4749
2 0.789569 0.441139 0.0625972 0.0255372 4767
2 0.317743 0.419084 0.0128751 0.0161015 4890
2 0.895486 0.656057 0.15493 0.129018 4891
