2 0.359891 0.43292 0.0255229 0.027942 4447
2 0.388004 0.430255 0.0252936 0.0226847 4463
2 0.340807 0.42848 0.0158629 0.018599 4542
2 0.673686 0.458276 0.0555558 0.0440857 4682
2 0.776251 0.476707 0.0815106 0.0512468 4699
2 0.688265 0.43649 0.0449195 0.0259122 4710
2 0.950893 0.51257 0.0981261 0.0538155 4728
2 0.799685 0.458698 0.0628106 0.0358988 4729
2 0.909592 0.477025 0.0773553 0.0408614 4748
2 0.717128 0.435805 0.0249557 0.0247275 4749
2 0.788748 0.441008 0.0627097 0.0254655 4767
2 0.317516 0.418521 0.0130699 0.0163151 4890
2 0.720418 0.659451 0.146883 0.133427 4891
