2 0.359854 0.432874 0.0255389 0.0279454 4447
2 0.388064 0.430155 0.0256107 0.0230247 4463
2 0.340674 0.428432 0.0157586 0.0184629 4542
2 0.673593 0.458191 0.055191 0.0437232 4682
2 0.776189 0.476756 0.0811856 0.0509826 4699
2 0.685314 0.436337 0.0440308 0.0251002 4710
2 0.950899 0.512456 0.0980726 0.053779 4728
2 0.798743 0.458467 0.0636586 0.0357875 4729
2 0.909263 0.476799 0.0779298 0.04122 4748
2 0.71689 0.43573 0.0250555 0.0248047 4749
2 0.788631 0.440992 0.0645311 0.026228 4767
2 0.317419 0.418746 0.012668 0.0157697 4890
2 0.657324 0.661672 0.143449 0.131901 4891
