2 0.360547 0.432855 0.0257878 0.0281954 4447
2 0.388305 0.430524 0.0253512 0.0227151 4463
2 0.341134 0.428537 0.0159785 0.0187343 4542
2 0.673734 0.458379 0.0557364 0.0444713 4682
2 0.776852 0.477026 0.0815533 0.0514351 4699
2 0.689108 0.43648 0.0422422 0.0245484 4710
2 0.951081 0.513164 0.0977219 0.0535995 4728
2 0.792767 0.458192 0.0665504 0.0376513 4729
2 0.909814 0.477852 0.0756315 0.0396749 4748
2 0.717527 0.436455 0.0245501 0.0242956 4749
2 0.789443 0.441417 0.0625753 0.025525 4767
2 0.31777 0.418954 0.0127665 0.0159431 4890
2 0.835019 0.655035 0.152196 0.130663 4891
