2 0.361383 0.433881 0.0255457 0.0277635 4447
2 0.391071 0.431424 0.0256413 0.0231126 4463
2 0.341486 0.428745 0.0162945 0.0187761 4542
2 0.673588 0.459128 0.0546953 0.0433514 4682
2 0.776651 0.47753 0.0805431 0.050775 4699
2 0.681469 0.436949 0.0455278 0.0265365 4710
2 0.949899 0.512512 0.0996421 0.0551355 4728
2 0.790356 0.458452 0.068562 0.0371025 4729
2 0.909335 0.477613 0.077449 0.0403715 4748
2 0.715842 0.436672 0.0241618 0.023959 4749
2 0.788512 0.441532 0.0623859 0.0249591 4767
2 0.31799 0.419303 0.0122635 0.0155835 4890
2 0.968964 0.477117 0.0348131 0.0465724 4894
