2 0.360129 0.433485 0.0252391 0.0275189 4447
2 0.38839 0.430575 0.0256501 0.0229851 4463
2 0.341059 0.428688 0.0160284 0.0187053 4542
2 0.673569 0.459021 0.054502 0.0432547 4682
2 0.776913 0.477068 0.080965 0.0512252 4699
2 0.682462 0.439682 0.0505192 0.0303812 4710
2 0.950803 0.512679 0.0988035 0.0545969 4728
2 0.791599 0.458455 0.066381 0.0372394 4729
2 0.909488 0.47796 0.0766657 0.0395624 4748
2 0.717146 0.436574 0.024243 0.0239582 4749
2 0.789694 0.44101 0.0597795 0.0239705 4767
2 0.317749 0.419339 0.0124818 0.0156094 4890
0 0.652149 0.411737 0.00650546 0.0254395 4893
