2 0.360488 0.433919 0.0250837 0.0272728 4447
2 0.389328 0.430998 0.0256098 0.023082 4463
2 0.341519 0.42892 0.0163151 0.0190505 4542
2 0.673792 0.459319 0.0545998 0.0433326 4682
2 0.776817 0.478156 0.0797609 0.0503031 4699
2 0.684389 0.438023 0.0473017 0.0283996 4710
2 0.950499 0.512873 0.0997342 0.0552727 4728
2 0.790974 0.459046 0.0666091 0.0364185 4729
2 0.909718 0.477536 0.0799823 0.0416126 4748
2 0.716999 0.437355 0.0236995 0.0233785 4749
2 0.789589 0.441218 0.0605308 0.0241432 4767
2 0.318102 0.419482 0.0122036 0.0154142 4890
0 0.64955 0.411551 0.00641104 0.0258128 4893
2 0.974783 0.478872 0.029981 0.0429086 4894
