2 0.368174 0.437165 0.0272913 0.0294682 4447
2 0.40134 0.434998 0.027907 0.0249951 4463
2 0.342213 0.429199 0.0170398 0.0186703 4542
2 0.672308 0.459868 0.0543872 0.0437643 4682
2 0.775406 0.478295 0.0822178 0.0520721 4699
2 0.663455 0.434419 0.0406152 0.0231761 4710
2 0.941936 0.512626 0.0990552 0.0541831 4728
2 0.783679 0.457236 0.0619961 0.0319984 4729
2 0.909675 0.478409 0.0745877 0.0385207 4748
2 0.698665 0.435547 0.0254833 0.023747 4749
2 0.782955 0.44179 0.0584965 0.0230733 4767
2 0.318133 0.419674 0.0124154 0.0162704 4890
2 0.937754 0.468652 0.0363876 0.039171 4894
2 0.328371 0.42423 0.0142703 0.0203046 4895
