2 0.363172 0.434742 0.025873 0.0281408 4447
2 0.394037 0.432501 0.0261209 0.0235246 4463
2 0.341535 0.42881 0.0164261 0.0186258 4542
2 0.673041 0.458909 0.0555994 0.0443426 4682
2 0.776281 0.47795 0.08141 0.051441 4699
2 0.675254 0.436557 0.0434479 0.024598 4710
2 0.948025 0.512631 0.100628 0.0555966 4728
2 0.788814 0.45767 0.0687898 0.0369642 4729
2 0.907817 0.477513 0.0774614 0.0405502 4748
2 0.711992 0.43667 0.0240854 0.0237746 4749
2 0.787221 0.441577 0.0586629 0.0232884 4767
2 0.317395 0.41951 0.0123732 0.0159224 4890
2 0.959059 0.472938 0.0341712 0.0419063 4894
