2 0.379404 0.440442 0.0294484 0.0317013 4447
2 0.417065 0.438623 0.0304751 0.0271658 4463
2 0.344083 0.429277 0.018196 0.0193275 4542
2 0.65772 0.457565 0.0564713 0.0441373 4682
2 0.773067 0.477818 0.0800672 0.050637 4699
2 0.624544 0.431411 0.0482686 0.0285268 4710
2 0.929065 0.509167 0.0988521 0.0538757 4728
2 0.766174 0.451921 0.0524728 0.0242857 4729
2 0.897888 0.475673 0.0760868 0.0394092 4748
2 0.768876 0.440613 0.0687008 0.027911 4767
2 0.318544 0.419603 0.0124749 0.0168063 4890
2 0.917058 0.464378 0.0418455 0.0384927 4894
2 0.328961 0.425899 0.0114393 0.0159914 4895
