2 0.412054 0.451341 0.0365591 0.0384382 4447
2 0.46246 0.450305 0.0388203 0.0330937 4463
2 0.351751 0.431944 0.0196501 0.0205412 4542
2 0.627433 0.450475 0.0573344 0.0434261 4682
2 0.762025 0.47461 0.0793987 0.050367 4699
2 0.564541 0.422831 0.0409424 0.0258966 4710
2 0.908271 0.504713 0.0965319 0.0523966 4728
2 0.715216 0.445792 0.065444 0.0313521 4729
2 0.857515 0.469944 0.0822538 0.0412739 4748
2 0.716216 0.42972 0.0533198 0.0225714 4767
2 0.319148 0.419265 0.0124097 0.0172066 4890
2 0.888092 0.460515 0.0485268 0.0396846 4894
2 0.330876 0.423011 0.0151256 0.0197242 4895
2 0.386186 0.427245 0.0282329 0.0260187 4897
2 0.605346 0.419874 0.0321695 0.0203028 4898
