2 0.398164 0.447538 0.0334923 0.0355646 4447
2 0.443355 0.446563 0.0348781 0.0301809 4463
2 0.347456 0.431017 0.0196316 0.0205912 4542
2 0.63853 0.453062 0.0574537 0.0437502 4682
2 0.76604 0.476485 0.0806185 0.0511195 4699
2 0.586628 0.427155 0.0444449 0.0275698 4710
2 0.914911 0.506387 0.0957804 0.0521758 4728
2 0.734161 0.448097 0.0629251 0.0294972 4729
2 0.875145 0.472831 0.0769029 0.0388784 4748
2 0.737093 0.43482 0.0616355 0.0259386 4767
2 0.318257 0.42034 0.0114937 0.0157458 4890
2 0.902261 0.462673 0.0449139 0.0371205 4894
2 0.329808 0.423897 0.0147413 0.0198462 4895
2 0.379486 0.426537 0.027014 0.0247519 4897
