2 0.712915 0.540149 0.115314 0.0873567 4463
2 0.406597 0.450949 0.0303216 0.0302581 4542
2 0.558353 0.439714 0.0487751 0.0368364 4682
2 0.722868 0.466257 0.0722661 0.0464016 4699
2 0.449624 0.405443 0.02445 0.0182594 4710
2 0.863795 0.494808 0.091985 0.0495204 4728
2 0.684341 0.4391 0.0583639 0.0322475 4748
2 0.324183 0.42062 0.0121123 0.016806 4890
2 0.719898 0.430377 0.034545 0.0286373 4894
2 0.339032 0.424482 0.0181984 0.0212788 4895
2 0.451752 0.442176 0.0388423 0.0365281 4897
2 0.485108 0.403636 0.015123 0.0117406 4899
2 0.919246 0.478733 0.0440063 0.0512776 4901
2 0.375774 0.422514 0.0220196 0.0237338 4903
2 0.355375 0.418033 0.0157763 0.018121 4904
