2 0.436989 0.461513 0.0373529 0.036364 4542
2 0.548199 0.438437 0.0485993 0.0367633 4682
2 0.711024 0.465266 0.0721102 0.0465514 4699
2 0.429681 0.402247 0.0219439 0.0171008 4710
2 0.858072 0.494114 0.0918147 0.0496697 4728
2 0.639375 0.433119 0.055606 0.032349 4748
2 0.326874 0.421949 0.0122091 0.0168402 4890
2 0.67215 0.425638 0.0361704 0.0300143 4894
2 0.34242 0.426188 0.0195495 0.0226015 4895
2 0.482527 0.450364 0.0449081 0.0420507 4897
2 0.462228 0.400213 0.0160412 0.0121406 4899
2 0.853887 0.463665 0.0424841 0.0397103 4901
2 0.386796 0.426159 0.0241566 0.0257644 4903
2 0.362136 0.420191 0.0168547 0.0190339 4904
2 0.536024 0.40794 0.0433048 0.0222999 4767
2 0.92493 0.609396 0.177308 0.121714 4908
2 0.538424 0.416856 0.0366041 0.0212055 4729
