2 0.52818 0.492324 0.0660385 0.0658535 4447
2 0.609432 0.493622 0.0661652 0.0525074 4463
2 0.380263 0.443576 0.0257004 0.0262707 4542
2 0.579013 0.443705 0.0502864 0.037633 4682
2 0.737214 0.471496 0.0762309 0.0490009 4699
2 0.48418 0.411899 0.0299045 0.021288 4710
2 0.875726 0.500485 0.0929147 0.0500895 4728
2 0.619632 0.432288 0.0488231 0.0263643 4729
2 0.748922 0.452185 0.0603206 0.0339395 4748
2 0.618978 0.417845 0.0425169 0.0198137 4767
2 0.32162 0.421916 0.0118457 0.0167528 4890
2 0.784766 0.446512 0.0433326 0.0365104 4894
2 0.333943 0.424913 0.0172724 0.0206408 4895
2 0.421564 0.437406 0.0331927 0.0313707 4897
2 0.519256 0.409713 0.019194 0.0159471 4899
2 0.965919 0.491648 0.0333825 0.0516334 4901
2 0.365487 0.42235 0.019585 0.0213386 4903
2 0.347576 0.418196 0.0147479 0.0171634 4904
