2 0.5053 0.483798 0.0601756 0.060354 4447
2 0.581615 0.484791 0.0620513 0.0500101 4463
2 0.375816 0.44154 0.0248408 0.0255138 4542
2 0.585239 0.444953 0.0516488 0.0388599 4682
2 0.741644 0.471445 0.0775272 0.0498292 4699
2 0.495542 0.413304 0.0307094 0.0215975 4710
2 0.880545 0.501019 0.0928462 0.0500959 4728
2 0.632567 0.433472 0.0525731 0.0277228 4729
2 0.766589 0.457013 0.0688817 0.0391851 4748
2 0.632817 0.419045 0.0456867 0.0210774 4767
2 0.321986 0.42116 0.0119092 0.0166949 4890
2 0.801106 0.448817 0.0445225 0.0372392 4894
2 0.333868 0.424523 0.017055 0.0204532 4895
2 0.416245 0.435479 0.0330784 0.0312433 4897
2 0.529535 0.410721 0.019931 0.0167564 4899
2 0.974 0.491937 0.02932 0.0474119 4901
2 0.363796 0.421314 0.0195964 0.0213831 4903
