2 0.808702 0.580696 0.150487 0.114022 4463
2 0.42504 0.458064 0.0349361 0.0343261 4542
2 0.550419 0.43969 0.0485933 0.0367104 4682
2 0.714192 0.466994 0.0721516 0.0465062 4699
2 0.434645 0.404079 0.0231938 0.0177605 4710
2 0.858468 0.495235 0.0910573 0.0491348 4728
2 0.653683 0.436627 0.057553 0.0329868 4748
2 0.324738 0.42201 0.0123288 0.0170741 4890
2 0.687055 0.42847 0.0369544 0.0307744 4894
2 0.340568 0.426187 0.0188104 0.0218411 4895
2 0.470295 0.448319 0.0424122 0.0398537 4897
2 0.46817 0.40185 0.0158605 0.0121076 4899
2 0.876825 0.470691 0.042622 0.0437788 4901
2 0.381805 0.425429 0.0229579 0.0245516 4903
2 0.359005 0.420049 0.0163314 0.0184978 4904
0 0.758898 0.423919 0.00905603 0.0255333 4907
2 0.546877 0.408286 0.0370031 0.0183057 4767
