2 0.537383 0.43628 0.0471802 0.0357259 4682
2 0.676272 0.455551 0.0623964 0.0415287 4699
2 0.379483 0.395323 0.0151844 0.0131026 4710
2 0.835734 0.489188 0.0904977 0.0494624 4728
2 0.514147 0.413434 0.0345159 0.0226549 4748
2 0.344131 0.426162 0.0168789 0.0204903 4890
2 0.541953 0.406995 0.0271301 0.0231447 4894
2 0.369398 0.435159 0.0251212 0.0286251 4895
2 0.704124 0.504236 0.0801241 0.0663244 4897
2 0.671192 0.43109 0.0411048 0.0280351 4901
2 0.45721 0.443799 0.0370461 0.0383208 4903
2 0.400033 0.430609 0.0229749 0.0245351 4904
2 0.327648 0.418506 0.0143384 0.0188979 4911
2 0.313144 0.413976 0.0134839 0.0167116 4912
2 0.98977 0.515234 0.0127998 0.0431548 4914
2 0.757727 0.57324 0.0980946 0.088924 4447
