2 0.536664 0.437517 0.0484424 0.036878 4682
2 0.673007 0.457697 0.0636114 0.0431969 4699
2 0.374619 0.396116 0.0149194 0.0130484 4710
2 0.832386 0.490378 0.0899582 0.0492908 4728
2 0.503058 0.413756 0.0340208 0.0227133 4748
2 0.345823 0.428394 0.0172992 0.0205816 4890
2 0.530284 0.40747 0.0260062 0.0220912 4894
2 0.372902 0.437948 0.0261018 0.0297291 4895
2 0.746025 0.515963 0.0898 0.0724027 4897
2 0.652329 0.431334 0.043457 0.0291387 4901
2 0.468769 0.448294 0.0401482 0.0413115 4903
2 0.405602 0.433685 0.0243898 0.025862 4904
2 0.328287 0.420438 0.0146046 0.0191049 4911
2 0.312093 0.415458 0.0138775 0.0172422 4912
2 0.987258 0.518439 0.0139992 0.0456135 4914
0 0.791394 0.428313 0.00737082 0.0275884 4916
2 0.812279 0.59156 0.111603 0.09511 4447
2 0.437828 0.406906 0.023927 0.0168968 4729
