2 0.537894 0.437743 0.0458812 0.0351672 4682
2 0.639999 0.452512 0.0607305 0.0417117 4699
2 0.813106 0.485747 0.0846832 0.0466651 4728
2 0.437846 0.405686 0.0237971 0.0179407 4748
2 0.371971 0.437827 0.0231686 0.026237 4890
2 0.461322 0.398169 0.0193296 0.0168505 4894
2 0.430739 0.459157 0.0391794 0.0433607 4895
2 0.547362 0.417127 0.0367498 0.0250827 4901
2 0.665383 0.504462 0.0795147 0.0743246 4903
2 0.492139 0.456694 0.0386918 0.0383846 4904
2 0.34514 0.426124 0.0177682 0.0222133 4911
2 0.319742 0.418579 0.0149092 0.0185991 4912
2 0.977911 0.511703 0.0266509 0.0553699 4914
0 0.815036 0.431621 0.00711079 0.0251303 4916
2 0.845565 0.456472 0.0647793 0.0418748 4919
2 0.376666 0.421546 0.0218781 0.0217023 4920
