2 0.537716 0.4385 0.0459341 0.035167 4682
2 0.63676 0.452202 0.0594298 0.0409275 4699
2 0.80862 0.485744 0.0846448 0.0467307 4728
2 0.431449 0.405461 0.0225732 0.0172744 4748
2 0.376229 0.440116 0.0242964 0.0275622 4890
2 0.454199 0.397915 0.0186071 0.0162205 4894
2 0.442884 0.464267 0.0420096 0.0461008 4895
2 0.536268 0.415729 0.0342175 0.0231972 4901
2 0.509375 0.462403 0.0411454 0.0404839 4904
2 0.347678 0.427786 0.0183973 0.0227521 4911
2 0.320745 0.419351 0.0151564 0.0188861 4912
2 0.976876 0.5113 0.0290637 0.0572832 4914
2 0.815232 0.451132 0.0585529 0.0376342 4919
2 0.380606 0.423313 0.0222305 0.0219577 4920
