2 0.537852 0.436967 0.048254 0.037616 4682
2 0.613454 0.449922 0.052712 0.0374333 4699
2 0.773661 0.47765 0.078566 0.044603 4728
2 0.392518 0.400148 0.0181436 0.0150886 4748
2 0.42527 0.457557 0.0344454 0.0385048 4890
2 0.415595 0.392698 0.0147237 0.0133478 4894
2 0.609742 0.524238 0.0789676 0.0810303 4895
2 0.470307 0.408178 0.0275741 0.0197962 4901
2 0.376105 0.437654 0.0239853 0.0280786 4911
2 0.333077 0.424985 0.017521 0.0217141 4912
2 0.966402 0.506503 0.0440511 0.0602633 4914
2 0.662691 0.425029 0.046158 0.0306635 4919
2 0.421245 0.432782 0.0288757 0.0272105 4920
2 0.357072 0.419177 0.0169857 0.0173945 4923
0 0.839763 0.435411 0.00886879 0.029785 4916
2 0.0712116 0.816907 0.124746 0.112928 4929
2 0.77236 0.535272 0.0818661 0.0740852 4903
