2 0.537847 0.436296 0.0479905 0.037633 4682
2 0.612034 0.448794 0.0532563 0.0385563 4699
2 0.756531 0.472535 0.0742231 0.0425795 4728
2 0.383473 0.399114 0.0159108 0.0133533 4748
2 0.448868 0.46577 0.0388706 0.0429205 4890
2 0.406697 0.390413 0.0142916 0.0132494 4894
2 0.454641 0.405946 0.0269853 0.0197047 4901
2 0.388063 0.440986 0.0269507 0.0311306 4911
2 0.338295 0.426236 0.018586 0.0229207 4912
2 0.962217 0.505536 0.0496864 0.0610176 4914
2 0.438478 0.436359 0.0320333 0.029621 4920
2 0.363411 0.420438 0.0181164 0.0184066 4923
0 0.846344 0.435802 0.00901432 0.029739 4916
2 0.101933 0.804632 0.150491 0.133782 4929
