2 0.5381 0.437093 0.0452952 0.0345575 4682
2 0.63317 0.450208 0.0596977 0.0411519 4699
2 0.804982 0.484357 0.0837828 0.0463466 4728
2 0.425167 0.404247 0.0219415 0.0169649 4748
2 0.381358 0.441522 0.025019 0.0282404 4890
2 0.448204 0.396338 0.0188575 0.0165913 4894
2 0.457028 0.468691 0.0459526 0.0501806 4895
2 0.525856 0.414133 0.0342359 0.0232571 4901
2 0.529735 0.467522 0.044348 0.0431884 4904
2 0.350942 0.428386 0.0187194 0.0229743 4911
2 0.3223 0.419577 0.0156277 0.0194996 4912
2 0.976233 0.510164 0.0307397 0.0575776 4914
2 0.787995 0.445749 0.057386 0.0367506 4919
2 0.385073 0.423622 0.0226413 0.0222834 4920
0 0.821835 0.431558 0.00802962 0.0286051 4916
