2 0.538279 0.436584 0.0483288 0.0372721 4682
2 0.624274 0.449625 0.0595254 0.0414347 4699
2 0.791463 0.480725 0.0826595 0.0461603 4728
2 0.407693 0.402101 0.0198918 0.0159123 4748
2 0.399969 0.448056 0.0289795 0.0327599 4890
2 0.431267 0.394005 0.0161812 0.0144836 4894
2 0.515012 0.489313 0.0589265 0.0630203 4895
2 0.498151 0.41079 0.0322786 0.0227555 4901
2 0.611659 0.49111 0.0577714 0.0542657 4904
2 0.362269 0.432199 0.0208863 0.025072 4911
2 0.327477 0.421801 0.0165558 0.0206577 4912
2 0.972274 0.508147 0.0374068 0.0601951 4914
2 0.716999 0.433851 0.0521588 0.0336587 4919
2 0.401488 0.427688 0.0257967 0.0250025 4920
2 0.348952 0.416539 0.0157585 0.0163051 4923
0 0.83073 0.433383 0.00843703 0.029104 4916
