2 0.538386 0.436444 0.047353 0.037342 4682
2 0.611312 0.448372 0.051945 0.0382517 4699
2 0.708398 0.458824 0.0636069 0.037509 4728
2 0.368647 0.396936 0.0146571 0.0129219 4748
2 0.520753 0.491317 0.0539271 0.0585257 4890
2 0.427749 0.40276 0.0233356 0.0176276 4901
2 0.420433 0.451566 0.0333087 0.0372065 4911
2 0.352832 0.432107 0.0207683 0.0248603 4912
2 0.953414 0.505923 0.0664475 0.0667661 4914
2 0.488919 0.450569 0.0459971 0.0423162 4920
2 0.380331 0.425404 0.0205431 0.0205417 4923
0 0.860231 0.437913 0.00978597 0.0302213 4916
2 0.222095 0.770319 0.166552 0.141437 4929
2 0.322821 0.419622 0.0153553 0.0180692 4938
