2 0.538169 0.436211 0.0475911 0.0374696 4682
2 0.61229 0.448436 0.0519906 0.0381243 4699
2 0.734913 0.465964 0.069257 0.0402464 4728
2 0.375507 0.398195 0.0154701 0.0132655 4748
2 0.479452 0.47653 0.0448948 0.0492922 4890
2 0.398845 0.389412 0.0130742 0.012352 4894
2 0.440575 0.404168 0.0247014 0.0182863 4901
2 0.402711 0.445739 0.0294054 0.033357 4911
2 0.34496 0.428937 0.0193823 0.0236196 4912
2 0.958188 0.504286 0.0555727 0.0610435 4914
2 0.460077 0.441762 0.0379563 0.0349351 4920
2 0.371499 0.422686 0.0190656 0.0192639 4923
0 0.853426 0.436577 0.00918255 0.0296282 4916
2 0.1593 0.788926 0.163061 0.141441 4929
2 0.318931 0.417839 0.0148069 0.0174186 4938
2 0.913466 0.618364 0.152638 0.129294 4542
