2 0.538595 0.435862 0.0417452 0.032107 4682
2 0.610243 0.448174 0.0523176 0.0382458 4699
2 0.668039 0.446881 0.0556299 0.0344797 4728
2 0.359578 0.395579 0.013214 0.0119631 4748
2 0.612245 0.523801 0.0716935 0.0751222 4890
2 0.410591 0.400793 0.0208801 0.0160706 4901
2 0.456038 0.463171 0.0414624 0.0450563 4911
2 0.367486 0.436816 0.0238971 0.0280767 4912
2 0.945016 0.504148 0.0788947 0.0699187 4914
2 0.547949 0.467207 0.0576683 0.0527773 4920
2 0.396204 0.429823 0.0232052 0.0228637 4923
2 0.301753 0.745781 0.167535 0.139794 4929
2 0.330426 0.422241 0.0165017 0.0192925 4938
2 0.550106 0.408424 0.027798 0.0240418 4939
