2 0.538001 0.4375 0.0476378 0.0370956 4682
2 0.611862 0.449487 0.0532966 0.0383502 4699
2 0.360215 0.395878 0.0138007 0.0122218 4901
2 0.538051 0.497676 0.0629054 0.0663287 4912
2 0.849708 0.487102 0.101707 0.0632081 4914
2 0.579419 0.480664 0.0552396 0.048232 4923
2 0.430159 0.70615 0.158226 0.132274 4929
2 0.390911 0.444223 0.0278224 0.030568 4938
2 0.441592 0.396372 0.0169948 0.0151796 4939
2 0.473949 0.413571 0.0273805 0.0193475 4728
0 0.91442 0.448698 0.011873 0.0342282 4916
2 0.393417 0.424373 0.0264684 0.0244067 4948
