2 0.538586 0.43648 0.0479304 0.0374442 4682
2 0.612965 0.448275 0.0525826 0.0380578 4699
2 0.358642 0.394961 0.0135881 0.0120319 4901
2 0.570153 0.508235 0.0697836 0.0726266 4912
2 0.842576 0.484236 0.101665 0.0625846 4914
2 0.612144 0.489169 0.0601885 0.0518242 4923
2 0.434199 0.705112 0.158056 0.132399 4929
2 0.399862 0.446273 0.0292777 0.0319798 4938
2 0.464396 0.410816 0.0265241 0.0189336 4728
0 0.918977 0.448947 0.0109327 0.0317084 4916
2 0.40066 0.4247 0.028331 0.0260464 4948
2 0.349942 0.415755 0.016979 0.0184354 4952
