2 0.538502 0.437871 0.0473216 0.0370233 4682
2 0.611066 0.449795 0.0537825 0.0385509 4699
2 0.339802 0.393814 0.0111137 0.0107413 4901
2 0.789778 0.476729 0.0978139 0.0583191 4914
2 0.44669 0.702141 0.153951 0.131083 4929
2 0.522522 0.490036 0.0555956 0.0571207 4938
2 0.394865 0.404298 0.0194434 0.0147474 4728
2 0.486224 0.450781 0.052121 0.0471894 4948
2 0.384759 0.42728 0.0227639 0.0246381 4952
2 0.965175 0.513235 0.0341464 0.0481045 4960
2 0.342135 0.428291 0.0193095 0.020572 4964
2 0.321779 0.420527 0.0144131 0.0184423 4969
