2 0.538312 0.436051 0.0440687 0.03414 4682
2 0.61093 0.449311 0.0535278 0.0383342 4699
2 0.773866 0.474086 0.0967205 0.057664 4914
2 0.445168 0.701747 0.154116 0.131848 4929
2 0.622834 0.525221 0.0776201 0.0768344 4938
2 0.546157 0.46787 0.0653062 0.0587925 4948
2 0.406155 0.432494 0.0265847 0.0286204 4952
2 0.953831 0.51292 0.0458094 0.0525087 4960
2 0.353885 0.431461 0.0229674 0.0248279 4964
2 0.329673 0.423541 0.0156569 0.0197375 4969
2 0.452947 0.407678 0.0225431 0.0169104 4972
0 0.959663 0.455984 0.0100409 0.0284693 4916
