2 0.538504 0.436437 0.0448104 0.03517 4682
2 0.610969 0.449472 0.0537833 0.0379588 4699
2 0.739891 0.468181 0.0921628 0.0546015 4914
2 0.443971 0.702011 0.153009 0.132104 4929
2 0.536426 0.466954 0.0482087 0.0484541 4952
2 0.914811 0.50364 0.0773806 0.0500121 4960
2 0.419381 0.456269 0.032998 0.033483 4964
2 0.364855 0.435784 0.0227647 0.027497 4969
2 0.391329 0.399518 0.0177642 0.0140922 4972
2 0.164389 0.629966 0.0884358 0.0933772 4977
2 0.403892 0.43458 0.0259293 0.0235417 4978
2 0.330869 0.422814 0.0192028 0.0215531 4979
2 0.31165 0.416223 0.0128426 0.0173725 4985
