2 0.538274 0.436803 0.0480279 0.0377361 4682
2 0.611084 0.448802 0.0530921 0.0374196 4699
2 0.753362 0.468902 0.0901269 0.053444 4914
2 0.444354 0.701738 0.152848 0.131744 4929
2 0.732786 0.515817 0.10847 0.0927817 4948
2 0.46083 0.445944 0.0349058 0.0364644 4952
2 0.934077 0.508112 0.0670845 0.0532832 4960
2 0.383069 0.443359 0.025792 0.0271363 4964
2 0.345967 0.429047 0.0190622 0.0234315 4969
2 0.413629 0.402101 0.0193252 0.0147113 4972
2 0.0594696 0.691839 0.0905741 0.105235 4977
2 0.374909 0.425234 0.0203059 0.0184192 4978
2 0.320768 0.418312 0.0171472 0.0192314 4979
