2 0.538348 0.437596 0.0463688 0.036607 4682
2 0.611071 0.449123 0.0536087 0.0377886 4699
2 0.727847 0.464929 0.0882043 0.0530008 4914
2 0.44394 0.702163 0.15261 0.132177 4929
2 0.898647 0.501727 0.0903531 0.0515766 4960
2 0.500447 0.485614 0.0502926 0.0477897 4964
2 0.400215 0.448048 0.029091 0.0337101 4969
2 0.37113 0.39725 0.0141324 0.0118803 4972
2 0.257415 0.580655 0.0834647 0.0788786 4977
2 0.459383 0.44932 0.0354268 0.0315111 4978
2 0.349722 0.428483 0.0243454 0.0270773 4979
2 0.322544 0.419951 0.0153412 0.0201055 4985
2 0.382988 0.427437 0.0236608 0.0213611 4989
