2 0.538036 0.437858 0.0472112 0.0373314 4682
2 0.610761 0.449471 0.0533722 0.037628 4699
2 0.72943 0.466265 0.0909742 0.0546336 4914
2 0.444033 0.702758 0.151993 0.13152 4929
2 0.900578 0.502746 0.0892127 0.0518845 4960
2 0.47891 0.478196 0.0446742 0.0430135 4964
2 0.391624 0.445581 0.0277331 0.0324327 4969
2 0.374448 0.39822 0.0148685 0.0122999 4972
2 0.243721 0.588336 0.0849923 0.0818402 4977
2 0.445676 0.446304 0.0330103 0.0294751 4978
2 0.345532 0.427778 0.0229698 0.025613 4979
2 0.31944 0.41967 0.0145778 0.0193099 4985
2 0.376653 0.425994 0.0224728 0.0202293 4989
