2 0.538073 0.437784 0.0471656 0.0372845 4682
2 0.610738 0.449618 0.0544082 0.0385653 4699
2 0.722476 0.464276 0.0876938 0.0530144 4914
2 0.443604 0.702629 0.15252 0.132405 4929
2 0.893809 0.501091 0.0937259 0.0510157 4960
2 0.585106 0.518277 0.0692478 0.0631268 4964
2 0.432212 0.459237 0.0357792 0.0402623 4969
2 0.362457 0.396188 0.0119809 0.0106824 4972
2 0.285563 0.565594 0.0810692 0.0731654 4977
2 0.511967 0.46449 0.0461148 0.0403297 4978
2 0.331665 0.424431 0.0168131 0.0211164 4985
2 0.404804 0.434099 0.0267542 0.0241869 4989
2 0.938672 0.569855 0.105708 0.088137 4948
