2 0.538508 0.437542 0.04605 0.0364438 4682
2 0.611698 0.450053 0.054007 0.0387394 4699
2 0.720103 0.464474 0.0862856 0.0524171 4914
2 0.443945 0.703202 0.151548 0.131327 4929
2 0.889175 0.500896 0.0996501 0.0500358 4960
2 0.309736 0.551139 0.0815116 0.0683735 4977
2 0.373134 0.4369 0.0282309 0.032958 4985
2 0.53018 0.467209 0.0482358 0.0415005 4989
2 0.336495 0.423446 0.0168186 0.020292 5001
2 0.268695 0.4113 0.00852834 0.0135195 5009
2 0.451283 0.462342 0.0541056 0.051188 5011
2 0.425776 0.436534 0.0279313 0.0277918 5015
2 0.687468 0.548219 0.103531 0.0871987 4978
