2 0.537688 0.438509 0.0469945 0.0372918 4682
2 0.610191 0.450507 0.0536872 0.0384039 4699
2 0.719416 0.465012 0.0862068 0.0525463 4914
2 0.443525 0.703567 0.151486 0.130909 4929
2 0.882894 0.500799 0.103054 0.0507898 4960
2 0.307442 0.552277 0.0833663 0.0688482 4977
2 0.358832 0.431885 0.0209264 0.0246581 5001
2 0.26962 0.414876 0.0110568 0.0175434 5009
2 0.562488 0.501593 0.0823838 0.07654 5011
2 0.500165 0.456665 0.0399635 0.0404 5015
2 0.396153 0.430527 0.0260001 0.0266995 5017
2 0.419896 0.453814 0.0380198 0.0398868 4979
2 0.712649 0.52173 0.0706232 0.0650306 4969
