2 0.538047 0.436462 0.044926 0.0354208 4682
2 0.610776 0.449354 0.0534253 0.0381522 4699
2 0.719939 0.46419 0.0871551 0.0531804 4914
2 0.443238 0.702531 0.152959 0.132392 4929
2 0.882978 0.499806 0.101498 0.0496765 4960
2 0.307506 0.552038 0.0838876 0.0689763 4977
2 0.371976 0.435491 0.0227901 0.0264639 5001
2 0.271593 0.415723 0.011079 0.0171241 5009
2 0.543979 0.467702 0.0468022 0.0470519 5015
2 0.449085 0.462023 0.0449312 0.0459989 4979
2 0.359695 0.419799 0.0164872 0.0183508 5020
2 0.334001 0.422775 0.0175761 0.0208222 5021
2 0.838794 0.551608 0.100365 0.0772069 4964
2 0.412828 0.434406 0.0285368 0.0293429 5017
