2 0.537784 0.43725 0.0468607 0.0370761 4682
2 0.610677 0.448578 0.0514899 0.0365258 4699
2 0.719869 0.464107 0.0858398 0.0523745 4914
2 0.44321 0.702564 0.152545 0.132087 4929
2 0.882552 0.499886 0.102179 0.0497751 4960
2 0.306869 0.551858 0.08422 0.0689941 4977
2 0.387286 0.439877 0.0264389 0.0303891 5001
2 0.273375 0.417579 0.0116909 0.0178283 5009
2 0.601177 0.484095 0.0554086 0.0555543 5015
2 0.486583 0.474002 0.0540984 0.0544888 4979
2 0.369531 0.422563 0.01775 0.0196282 5020
2 0.342089 0.425264 0.020035 0.0238575 5021
2 0.433329 0.438931 0.0319388 0.0327878 5017
2 0.313074 0.41603 0.0123949 0.0158791 5022
2 0.971195 0.588583 0.0838327 0.0710123 4952
