2 0.537969 0.437251 0.0471178 0.0373526 4682
2 0.611374 0.448588 0.0521261 0.0370613 4699
2 0.720164 0.464012 0.0866894 0.0535293 4914
2 0.443154 0.70222 0.152443 0.132055 4929
2 0.883061 0.499714 0.104228 0.0501929 4960
2 0.306351 0.552087 0.0854904 0.069319 4977
2 0.284855 0.426022 0.0165631 0.0227133 5009
2 0.404888 0.446927 0.0292981 0.0336636 5021
2 0.630931 0.493057 0.0651495 0.0619516 5017
2 0.343319 0.427083 0.0167953 0.0200312 5022
2 0.535488 0.486632 0.0571595 0.059802 4985
2 0.375253 0.422725 0.0245619 0.023835 5024
2 0.436274 0.439534 0.0280953 0.0289651 5020
2 0.312634 0.415478 0.0135592 0.0147388 5027
2 0.947901 0.613888 0.133182 0.11058 4978
