2 0.538043 0.43693 0.0473363 0.0376107 4682
2 0.610813 0.448765 0.0534 0.0379066 4699
2 0.720288 0.462597 0.0858507 0.0528517 4914
2 0.443179 0.702088 0.152357 0.13205 4929
2 0.88358 0.499262 0.104595 0.0503554 4960
2 0.306362 0.551898 0.0856487 0.069298 4977
2 0.286895 0.43005 0.0171373 0.0240475 5009
2 0.358572 0.432097 0.0202031 0.0234563 5022
2 0.393418 0.427195 0.0281952 0.0274734 5024
2 0.474337 0.449833 0.0335941 0.0332979 5020
2 0.320461 0.417984 0.0155536 0.0168832 5027
2 0.0459781 0.646999 0.0639925 0.079201 5034
2 0.666405 0.527767 0.0868381 0.0802616 5017
2 0.817245 0.539212 0.0904045 0.0850568 5015
2 0.450604 0.460096 0.0399639 0.0446613 5001
