2 0.537579 0.438332 0.0469054 0.0372001 4682
2 0.61035 0.45018 0.0536736 0.0381517 4699
2 0.719451 0.464394 0.084703 0.0521026 4914
2 0.443413 0.703498 0.152026 0.131695 4929
2 0.882488 0.500514 0.10537 0.0507781 4960
2 0.305967 0.552919 0.0851899 0.0688996 4977
2 0.28644 0.429291 0.0172531 0.0239813 5009
2 0.429023 0.455802 0.0348765 0.0394756 5021
2 0.352415 0.431232 0.0192614 0.0225729 5022
2 0.386366 0.426951 0.0263809 0.0256467 5024
2 0.459499 0.446603 0.0323689 0.0326588 5020
2 0.316701 0.418101 0.0146931 0.0160047 5027
2 0.0343011 0.653133 0.0550265 0.0687667 5034
2 0.748024 0.528918 0.0856678 0.0779031 4979
2 0.634153 0.513674 0.076321 0.0717671 5017
