2 0.537935 0.43757 0.0467463 0.0370483 4682
2 0.610948 0.449247 0.0534707 0.0380394 4699
2 0.720154 0.464472 0.0852865 0.0525616 4914
2 0.443447 0.702679 0.152139 0.13176 4929
2 0.882959 0.500293 0.104369 0.0502464 4960
2 0.306379 0.55241 0.0849893 0.0687987 4977
2 0.286089 0.427307 0.0173015 0.0238469 5009
2 0.416428 0.450615 0.0321137 0.0366497 5021
2 0.347827 0.428953 0.0179383 0.0211482 5022
2 0.380477 0.424526 0.0251251 0.0244276 5024
2 0.447498 0.442765 0.0299247 0.0303937 5020
2 0.314639 0.416388 0.0143822 0.0156701 5027
