2 0.53752 0.437458 0.0465882 0.0367776 4682
2 0.610196 0.449791 0.0543601 0.0387341 4699
2 0.719348 0.464738 0.0869106 0.0534588 4914
2 0.442572 0.702413 0.152465 0.132277 4929
2 0.882241 0.500567 0.104817 0.0501764 4960
2 0.305572 0.55234 0.0857093 0.0693786 4977
2 0.277678 0.44014 0.0222588 0.0303006 5009
2 0.395969 0.444957 0.0284705 0.0320177 5022
2 0.437138 0.439002 0.035147 0.0344475 5024
2 0.578051 0.47718 0.0504841 0.0467725 5020
2 0.335685 0.424273 0.0179642 0.0194479 5027
2 0.140919 0.592721 0.0690296 0.0731444 5034
2 0.307931 0.413988 0.0120961 0.0156439 5042
2 0.587032 0.509987 0.0676093 0.0689386 4985
