2 0.537331 0.437803 0.0472953 0.0373743 4682
2 0.609892 0.449721 0.0542239 0.0384243 4699
2 0.719358 0.463908 0.0861579 0.0529016 4914
2 0.442974 0.702868 0.151796 0.131559 4929
2 0.881947 0.500194 0.104938 0.0502291 4960
2 0.305344 0.552222 0.0860698 0.0697322 4977
2 0.255599 0.45297 0.0305536 0.0366191 5009
2 0.446371 0.461705 0.038632 0.0420255 5022
2 0.491627 0.45345 0.0453607 0.0444703 5024
2 0.354378 0.429981 0.0215009 0.023362 5027
2 0.202186 0.56235 0.0697557 0.0653235 5034
2 0.316982 0.417581 0.0132723 0.0170207 5042
2 0.761076 0.54249 0.0909716 0.0791493 5017
2 0.847053 0.588411 0.126771 0.10947 4979
