2 0.53747 0.435818 0.0440089 0.0343163 4682
2 0.610329 0.449458 0.0543732 0.0385642 4699
2 0.719577 0.464403 0.0865379 0.0532717 4914
2 0.443077 0.702716 0.152184 0.131862 4929
2 0.882096 0.499836 0.104586 0.0500507 4960
2 0.305302 0.551827 0.0857843 0.0694223 4977
2 0.554224 0.46993 0.0560926 0.0535774 5024
2 0.373473 0.436257 0.0248498 0.0270329 5027
2 0.233294 0.547559 0.0684375 0.0599408 5034
2 0.325147 0.420447 0.0142302 0.0180692 5042
2 0.93966 0.577032 0.0983306 0.080373 4979
2 0.518562 0.485889 0.0514374 0.0566663 5021
