2 0.53751 0.437575 0.0463347 0.036544 4682
2 0.61037 0.44906 0.0537161 0.0380399 4699
2 0.719683 0.464146 0.0875619 0.0539183 4914
2 0.443014 0.702415 0.152018 0.131876 4929
2 0.88247 0.500338 0.104086 0.0497376 4960
2 0.305614 0.551855 0.0860605 0.0697196 4977
2 0.269229 0.445583 0.0259258 0.0334843 5009
2 0.418141 0.451787 0.0325382 0.0360756 5022
2 0.460741 0.444965 0.0386878 0.0380371 5024
2 0.644742 0.491164 0.0535217 0.0452555 5020
2 0.344611 0.426572 0.0195443 0.0211618 5027
2 0.174853 0.575812 0.0690159 0.0683851 5034
2 0.31194 0.414882 0.0129786 0.0167308 5042
