2 0.538841 0.436771 0.0474191 0.0373995 4682
2 0.611712 0.448716 0.0546351 0.0387211 4699
2 0.721124 0.463001 0.0852972 0.0519329 4914
2 0.44401 0.701834 0.152685 0.132332 4929
2 0.884475 0.498977 0.100223 0.0475937 4960
2 0.306927 0.551054 0.0864534 0.0701014 4977
2 0.450051 0.459215 0.0407638 0.0445752 5027
2 0.272544 0.527886 0.0667585 0.0542472 5034
2 0.35577 0.430162 0.0190879 0.0232906 5042
2 0.328326 0.419888 0.0173927 0.0176516 5059
2 0.361081 0.418554 0.0177383 0.0209591 5060
2 0.927384 0.558811 0.117098 0.0928254 5017
