2 0.537626 0.438343 0.0472953 0.0372358 4682
2 0.61063 0.450342 0.0554467 0.0392903 4699
2 0.719573 0.464746 0.0847689 0.0517081 4914
2 0.443278 0.702983 0.15182 0.131471 4929
2 0.882526 0.502095 0.106474 0.0510297 4960
2 0.305473 0.551559 0.0864098 0.0699408 4977
2 0.433459 0.452693 0.041627 0.0463543 5027
2 0.267511 0.529978 0.0667236 0.0546718 5034
2 0.349257 0.429057 0.0179392 0.0219103 5042
2 0.323108 0.419799 0.0158971 0.0160852 5059
2 0.354915 0.417825 0.0163173 0.0193974 5060
2 0.0273168 0.697067 0.0215871 0.067771 5067
2 0.819723 0.538322 0.105911 0.0841906 5020
