2 0.536785 0.439136 0.0477928 0.0375887 4682
2 0.609409 0.451471 0.0549836 0.0388788 4699
2 0.718438 0.465267 0.0820681 0.0500496 4914
2 0.442522 0.704094 0.151741 0.131416 4929
2 0.880779 0.502659 0.104772 0.0500837 4960
2 0.304529 0.553219 0.0853973 0.06902 4977
2 0.419852 0.449644 0.0387863 0.0433067 5027
2 0.262393 0.533443 0.0665275 0.0550099 5034
2 0.344246 0.429002 0.0176615 0.0215668 5042
2 0.319295 0.420423 0.0147895 0.0148936 5059
2 0.349458 0.418133 0.0159606 0.0191605 5060
2 0.0177784 0.706645 0.0197485 0.0642579 5067
2 0.773438 0.528852 0.098115 0.0811769 5020
