2 0.536809 0.438077 0.0473898 0.0371019 4682
2 0.610044 0.44905 0.050523 0.0355707 4699
2 0.718501 0.465418 0.0864555 0.0532924 4914
2 0.442252 0.703249 0.151997 0.131771 4929
2 0.881001 0.501248 0.105162 0.0502982 4960
2 0.304502 0.552285 0.0860648 0.0696831 4977
2 0.612843 0.487033 0.0665854 0.0622719 5024
2 0.388765 0.440384 0.0311765 0.0342601 5027
2 0.24634 0.540457 0.0676571 0.0577075 5034
2 0.331968 0.423208 0.0156461 0.0196481 5042
2 0.311646 0.416885 0.0131289 0.0131424 5059
2 0.337629 0.413942 0.0141332 0.0172664 5060
2 0.573611 0.508658 0.0659961 0.0670421 5001
