2 0.536929 0.437778 0.047021 0.0370369 4682
2 0.609498 0.449864 0.0543073 0.0385713 4699
2 0.718885 0.464981 0.0851744 0.0518657 4914
2 0.442409 0.702751 0.151525 0.131247 4929
2 0.879919 0.500599 0.105394 0.0507816 4960
2 0.304567 0.551295 0.0871468 0.0713326 4977
2 0.28101 0.523068 0.0693891 0.0512593 5034
2 0.396123 0.446301 0.0279579 0.0280815 5059
2 0.461433 0.447455 0.0381371 0.0399265 5060
2 0.132747 0.63462 0.115301 0.0983903 5075
2 0.345279 0.429627 0.0211551 0.0199085 5085
2 0.0968115 0.617168 0.129793 0.0761847 5091
2 0.356308 0.41727 0.0196268 0.0195183 5096
2 0.495726 0.477309 0.0680549 0.0532776 5081
2 0.313784 0.416823 0.0148133 0.0175268 5101
2 0.773112 0.536959 0.0914692 0.0749872 4985
