2 0.537186 0.43699 0.0472856 0.0373051 4682
2 0.609784 0.449311 0.0540783 0.0383828 4699
2 0.719154 0.463812 0.0876822 0.0535804 4914
2 0.44265 0.702395 0.151604 0.131242 4929
2 0.88024 0.500343 0.10394 0.0499936 4960
2 0.304936 0.551102 0.0867799 0.0710548 4977
2 0.280713 0.522909 0.0699423 0.0515665 5034
2 0.407615 0.449446 0.0298404 0.0298254 5059
2 0.478505 0.451371 0.0407965 0.0421404 5060
2 0.138801 0.630935 0.117439 0.0989767 5075
2 0.350792 0.431228 0.0223731 0.0211327 5085
2 0.106041 0.611217 0.121839 0.0713163 5091
2 0.360904 0.417581 0.0197716 0.01967 5096
2 0.316677 0.417284 0.0154055 0.0182235 5101
