2 0.536998 0.436691 0.0465457 0.0365561 4682
2 0.611897 0.44901 0.0537682 0.0385965 4699
2 0.719129 0.464159 0.0856643 0.0524477 4914
2 0.442457 0.702172 0.151957 0.131651 4929
2 0.878223 0.499448 0.105469 0.0506979 4960
2 0.304878 0.551074 0.0866609 0.0710829 4977
2 0.280039 0.523198 0.0704231 0.0512493 5034
2 0.570326 0.476665 0.0584099 0.0583239 5060
2 0.148204 0.628593 0.115584 0.0926869 5075
2 0.378729 0.440663 0.027469 0.0258788 5085
2 0.139931 0.594538 0.10713 0.0610777 5091
2 0.382489 0.423006 0.0241287 0.0238417 5096
2 0.329012 0.42246 0.0180439 0.0211525 5101
2 0.3087 0.413933 0.0132771 0.0167888 5109
2 0.477295 0.473894 0.0383701 0.0425839 5042
2 0.71758 0.548446 0.0964247 0.0866064 5001
