2 0.537477 0.436427 0.0477163 0.0372837 4682
2 0.610256 0.44882 0.0536373 0.0382327 4699
2 0.719534 0.463489 0.0858696 0.0520475 4914
2 0.442509 0.701308 0.152706 0.132486 4929
2 0.87342 0.498619 0.103115 0.0493775 4960
2 0.305133 0.550323 0.0861619 0.0706277 4977
2 0.280251 0.52268 0.0717464 0.0518921 5034
2 0.147407 0.629718 0.119809 0.0901337 5075
2 0.439294 0.459681 0.0403869 0.0370662 5085
2 0.16624 0.574567 0.0912817 0.0469328 5091
2 0.420072 0.432956 0.0313422 0.0304491 5096
2 0.352152 0.429631 0.022296 0.0256244 5101
2 0.321139 0.417905 0.0157062 0.0194479 5109
2 0.279183 0.425605 0.0136866 0.0183052 5116
2 0.82526 0.542533 0.116925 0.0938821 4985
