2 0.536835 0.436439 0.0469829 0.037127 4682
2 0.609407 0.449116 0.0541072 0.0383681 4699
2 0.718863 0.463579 0.0877296 0.0538163 4914
2 0.442046 0.70162 0.152439 0.132044 4929
2 0.879056 0.499597 0.103879 0.0498906 4960
2 0.304477 0.550748 0.0863767 0.0708029 4977
2 0.281025 0.522866 0.0704081 0.0514186 5034
2 0.43445 0.457611 0.035778 0.0352806 5059
2 0.518969 0.461571 0.0484129 0.0496818 5060
2 0.145197 0.624615 0.124081 0.102932 5075
2 0.362662 0.435321 0.0240973 0.0227516 5085
2 0.127671 0.603191 0.11638 0.0671761 5091
2 0.370349 0.419935 0.0217057 0.0215842 5096
2 0.321791 0.419875 0.0156956 0.0184967 5101
2 0.961867 0.587873 0.0846184 0.0697323 5024
