2 0.537905 0.435926 0.045232 0.0353785 4682
2 0.611386 0.447178 0.0533537 0.0382023 4699
2 0.720441 0.46242 0.0852348 0.05204 4914
2 0.442938 0.700397 0.152523 0.132193 4929
2 0.87851 0.497177 0.105066 0.0505178 4960
2 0.305618 0.549491 0.0861392 0.0706714 4977
2 0.280726 0.521603 0.0710798 0.0515497 5034
2 0.640218 0.494602 0.071253 0.0686533 5060
2 0.149053 0.628048 0.117134 0.0912993 5075
2 0.399262 0.44584 0.0310919 0.0290827 5085
2 0.152825 0.58225 0.0929051 0.0508991 5091
2 0.396411 0.42416 0.0261408 0.0256142 5096
2 0.337663 0.423032 0.0197292 0.0230455 5101
2 0.31418 0.413381 0.0139924 0.0176266 5109
2 0.520396 0.486232 0.0625359 0.0504118 5081
