2 0.537856 0.436158 0.0473866 0.0373055 4682
2 0.610622 0.448106 0.0540583 0.0384612 4699
2 0.720105 0.462862 0.087004 0.0528854 4914
2 0.443475 0.701975 0.15187 0.131586 4929
2 0.868606 0.496161 0.103308 0.0498175 4960
2 0.305553 0.550702 0.0863791 0.0709531 4977
2 0.280165 0.523358 0.071037 0.0513086 5034
2 0.147422 0.630609 0.1243 0.0907464 5075
2 0.179114 0.568986 0.0914537 0.0435958 5091
2 0.47155 0.446724 0.0412395 0.0395491 5096
2 0.380883 0.439898 0.0280381 0.0313415 5101
2 0.335431 0.422908 0.0178859 0.021339 5109
2 0.278955 0.433925 0.0144067 0.0194177 5116
2 0.541274 0.496099 0.0696903 0.0564169 5081
