2 0.537456 0.435161 0.0473146 0.0374361 4682
2 0.609838 0.446477 0.0534678 0.0384395 4699
2 0.719884 0.461119 0.0862693 0.0522948 4914
2 0.443093 0.701248 0.152347 0.132134 4929
2 0.845097 0.489555 0.0989534 0.0477159 4960
2 0.305361 0.55069 0.0861534 0.0708262 4977
2 0.279851 0.523403 0.0718658 0.0518222 5034
2 0.146529 0.631174 0.128808 0.0907067 5075
2 0.179344 0.56922 0.100183 0.0442263 5091
2 0.390567 0.442318 0.0313836 0.0349262 5109
2 0.227266 0.465533 0.0275153 0.0315778 5116
2 0.41582 0.435176 0.0285973 0.0263358 5146
2 0.341306 0.426138 0.0184138 0.0200711 5148
2 0.983719 0.509203 0.0192328 0.0590539 5152
2 0.283721 0.427732 0.0217608 0.0230634 5155
2 0.860282 0.547419 0.107329 0.0950987 5060
2 0.550166 0.496064 0.0762488 0.0692179 5085
