2 0.538264 0.436865 0.0452381 0.0357086 4682
2 0.610877 0.4485 0.0532263 0.0380692 4699
2 0.72038 0.462777 0.0869624 0.0526878 4914
2 0.443765 0.702161 0.151535 0.1316 4929
2 0.842125 0.49118 0.0971586 0.0470143 4960
2 0.30606 0.551175 0.0862984 0.071105 4977
2 0.280292 0.523771 0.0714829 0.0515869 5034
2 0.147425 0.63137 0.130637 0.0907666 5075
2 0.180691 0.569735 0.105102 0.0454094 5091
2 0.534285 0.493053 0.0676204 0.0677194 5109
2 0.072566 0.53489 0.0531297 0.048957 5116
2 0.567303 0.475046 0.0521732 0.0471449 5146
2 0.395157 0.446985 0.0263942 0.0275581 5148
2 0.970355 0.503274 0.0337756 0.0656172 5152
2 0.263252 0.445628 0.0287981 0.0321534 5155
2 0.474478 0.399876 0.0216168 0.0170388 5171
2 0.340567 0.426683 0.0206495 0.0190421 5176
2 0.562193 0.409732 0.0283568 0.0250378 5178
