2 0.537519 0.43556 0.0472991 0.0376443 4682
2 0.609964 0.447165 0.0532794 0.0381442 4699
2 0.719704 0.462338 0.0860279 0.0520683 4914
2 0.442548 0.700755 0.152223 0.132378 4929
2 0.841012 0.489805 0.0993999 0.0482224 4960
2 0.305402 0.550785 0.0864345 0.0711559 4977
2 0.279613 0.523506 0.0715038 0.0515619 5034
2 0.146439 0.631177 0.129971 0.0907849 5075
2 0.179899 0.569404 0.104386 0.0455009 5091
2 0.441134 0.460069 0.0432492 0.0457159 5109
2 0.164466 0.492453 0.0391992 0.0395096 5116
2 0.471898 0.449862 0.0363882 0.0327801 5146
2 0.362239 0.434676 0.0213362 0.022841 5148
2 0.977645 0.504933 0.0261817 0.065381 5152
2 0.278898 0.435023 0.0235513 0.0264562 5155
2 0.51018 0.403579 0.0251024 0.0196344 5171
2 0.771115 0.568573 0.132452 0.108577 5022
