2 0.537427 0.435444 0.0470606 0.0373155 4682
2 0.610069 0.446691 0.0535229 0.0384345 4699
2 0.71969 0.461676 0.085931 0.0520282 4914
2 0.442603 0.700758 0.152756 0.132735 4929
2 0.841101 0.489303 0.0995923 0.0481852 4960
2 0.305295 0.550498 0.0863391 0.071012 4977
2 0.279891 0.523281 0.0720003 0.0518907 5034
2 0.146173 0.631356 0.12964 0.0908814 5075
2 0.178794 0.569203 0.101734 0.0445857 5091
2 0.412447 0.449707 0.0364245 0.0396223 5109
2 0.199881 0.477572 0.032816 0.0352779 5116
2 0.440227 0.441687 0.0315356 0.0285876 5146
2 0.350662 0.430007 0.019932 0.0215694 5148
2 0.980549 0.505864 0.0228963 0.0641284 5152
2 0.282026 0.430889 0.0224534 0.0245786 5155
2 0.532451 0.405871 0.027206 0.0212737 5171
2 0.634609 0.526673 0.10637 0.0862502 5081
