2 0.538607 0.436521 0.0473893 0.0377046 4682
2 0.611304 0.44839 0.0541044 0.0384811 4699
2 0.721209 0.463275 0.0858022 0.0523009 4914
2 0.443532 0.701365 0.151964 0.131921 4929
2 0.843591 0.490891 0.0994047 0.0481867 4960
2 0.306691 0.551192 0.0851721 0.0701548 4977
2 0.280945 0.523729 0.0714641 0.0514906 5034
2 0.148163 0.631201 0.131494 0.0908625 5075
2 0.180775 0.569843 0.105792 0.0451713 5091
2 0.970734 0.50355 0.0472349 0.0648169 5152
2 0.399933 0.447087 0.0313437 0.0289609 5176
2 0.46778 0.397703 0.0207094 0.0181633 5178
2 0.462639 0.449439 0.0337619 0.0290664 5181
2 0.279515 0.436153 0.0165747 0.01979 5196
2 0.330076 0.421629 0.0163758 0.0181792 5210
2 0.144683 0.49496 0.0726271 0.0516497 5212
2 0.620343 0.417167 0.0331343 0.0251046 5174
2 0.601378 0.52035 0.073587 0.0649423 5085
