2 0.53957 0.438328 0.0456507 0.0360365 4682
2 0.612051 0.449738 0.0538147 0.0383499 4699
2 0.722116 0.463368 0.0858554 0.0520731 4914
2 0.444487 0.702389 0.151563 0.13154 4929
2 0.844709 0.492228 0.0995125 0.0484321 4960
2 0.307901 0.552196 0.0855224 0.0705946 4977
2 0.282352 0.524531 0.0709069 0.050912 5034
2 0.149519 0.631735 0.13142 0.0907394 5075
2 0.182524 0.570593 0.106476 0.0453393 5091
2 0.489305 0.478937 0.0513866 0.0458548 5176
2 0.429725 0.394292 0.0159794 0.0141193 5178
2 0.241295 0.461156 0.0261852 0.0279061 5196
2 0.358127 0.432819 0.0209469 0.0231522 5210
2 0.334583 0.415646 0.0138627 0.0148081 5220
2 0.972104 0.504285 0.049969 0.0653545 5152
2 0.314226 0.407521 0.00943263 0.0115052 5239
2 0.629548 0.498793 0.0552481 0.0494646 5148
