2 0.539442 0.437133 0.0473124 0.0376473 4682
2 0.612086 0.449211 0.0536275 0.0382356 4699
2 0.722251 0.463871 0.0865181 0.0523835 4914
2 0.444839 0.702581 0.151393 0.130894 4929
2 0.844683 0.491792 0.100338 0.0490141 4960
2 0.307658 0.551729 0.0854308 0.0706551 4977
2 0.282164 0.524287 0.0715681 0.0512347 5034
2 0.149291 0.631148 0.131204 0.090707 5075
2 0.181991 0.570036 0.105592 0.0449532 5091
2 0.417088 0.452006 0.0313705 0.034332 5210
2 0.370304 0.424215 0.0192725 0.0195787 5220
2 0.971621 0.504315 0.0529333 0.0643779 5152
2 0.431504 0.437352 0.0307479 0.0293034 5261
2 0.679794 0.434842 0.0400976 0.0308586 5208
2 0.836079 0.594771 0.137083 0.100731 5022
2 0.713208 0.519572 0.0723157 0.0618906 5148
