2 0.539957 0.438263 0.0454903 0.0361112 4682
2 0.612673 0.45019 0.0540391 0.0385555 4699
2 0.722315 0.464356 0.0867676 0.0525794 4914
2 0.445139 0.703252 0.151393 0.130692 4929
2 0.844901 0.493244 0.0989227 0.0484271 4960
2 0.308101 0.552087 0.0853403 0.0705184 4977
2 0.282451 0.524531 0.0711971 0.0510053 5034
2 0.149982 0.631343 0.131091 0.0906232 5075
2 0.182347 0.570353 0.106716 0.0452993 5091
2 0.414964 0.43593 0.026771 0.0257213 5220
2 0.521931 0.461055 0.0455681 0.0431225 5261
2 0.436355 0.395676 0.0181171 0.0148791 5279
2 0.351221 0.418936 0.0170303 0.0166387 5282
2 0.971924 0.505256 0.0535593 0.0644194 5152
