2 0.537573 0.436405 0.0468594 0.0367431 4682
2 0.611586 0.448424 0.0543587 0.038432 4699
2 0.722475 0.462883 0.0863861 0.0522251 4914
2 0.444942 0.701538 0.152397 0.132081 4929
2 0.845207 0.491233 0.0993362 0.0485467 4960
2 0.307928 0.551317 0.0851742 0.0704551 4977
2 0.282482 0.523772 0.0717269 0.0513501 5034
2 0.149901 0.630845 0.131176 0.0907432 5075
2 0.182522 0.569698 0.107044 0.0454811 5091
2 0.398987 0.389498 0.0139368 0.0120094 5279
2 0.412796 0.434912 0.0263912 0.0250792 5282
2 0.333666 0.421918 0.0168263 0.0190205 5290
2 0.952474 0.592551 0.101416 0.0945187 5109
2 0.58594 0.481123 0.0489351 0.0476318 5210
2 0.971804 0.503835 0.054824 0.0648841 5152
