2 0.538658 0.436587 0.0470557 0.0369361 4682
2 0.612084 0.448524 0.0535701 0.0380354 4699
2 0.722376 0.462415 0.0870838 0.0526861 4914
2 0.444748 0.701425 0.152602 0.132072 4929
2 0.844622 0.491161 0.0992923 0.0484506 4960
2 0.307804 0.551349 0.0857764 0.0709894 4977
2 0.282315 0.523744 0.0712723 0.0509961 5034
2 0.149489 0.630739 0.131294 0.0908182 5075
2 0.181974 0.569527 0.106568 0.0452818 5091
2 0.406362 0.390681 0.0147033 0.0124095 5279
2 0.392158 0.429149 0.0238561 0.0230214 5282
2 0.325192 0.419026 0.0162449 0.0185063 5290
2 0.804759 0.530028 0.0833648 0.0653475 5176
2 0.690007 0.428329 0.0410431 0.0302871 5208
2 0.841558 0.587309 0.128172 0.104077 5101
