2 0.539219 0.437712 0.0465765 0.0363949 4682
2 0.612458 0.449133 0.052949 0.0376501 4699
2 0.721929 0.463154 0.0857283 0.0517883 4914
2 0.444929 0.702468 0.152037 0.131336 4929
2 0.844934 0.492489 0.0991089 0.0484267 4960
2 0.307786 0.551789 0.0858471 0.0710229 4977
2 0.282267 0.524163 0.0709552 0.0507633 5034
2 0.14942 0.631148 0.13122 0.0907357 5075
2 0.182189 0.56992 0.1066 0.0453318 5091
2 0.474198 0.450413 0.0344597 0.0311762 5220
2 0.414863 0.392845 0.0150454 0.0125688 5279
2 0.375797 0.425298 0.0208924 0.0203009 5282
2 0.971522 0.504487 0.0536942 0.063552 5152
2 0.318008 0.416855 0.0149594 0.0170253 5290
2 0.684452 0.542615 0.102845 0.0855608 5059
