2 0.524443 0.435815 0.0464164 0.0362577 4682
2 0.598837 0.446549 0.0547228 0.0389541 4699
2 0.719415 0.463866 0.0872499 0.0528445 4914
2 0.444681 0.702312 0.15217 0.13203 4929
2 0.844835 0.491733 0.100183 0.0490399 4960
2 0.307904 0.551595 0.0859192 0.0711508 4977
2 0.282382 0.524164 0.0718061 0.051378 5034
2 0.149446 0.631289 0.131463 0.0907309 5075
2 0.182459 0.570168 0.106942 0.0454471 5091
2 0.419118 0.45084 0.0336324 0.0363136 5290
2 0.41326 0.392088 0.0147077 0.0123183 5314
2 0.496888 0.402345 0.0213885 0.0188198 5317
2 0.938824 0.469058 0.0662525 0.0380886 5319
2 0.97191 0.504216 0.055652 0.0649514 5152
