2 0.528998 0.436969 0.0456105 0.0356064 4682
2 0.601766 0.447321 0.054747 0.0388546 4699
2 0.721277 0.464184 0.0861231 0.0519982 4914
2 0.44456 0.702186 0.151749 0.131652 4929
2 0.844921 0.492689 0.0972338 0.0475032 4960
2 0.30769 0.551851 0.0851975 0.0704706 4977
2 0.282204 0.524143 0.0716889 0.0512716 5034
2 0.149396 0.631313 0.131169 0.0905076 5075
2 0.182092 0.570335 0.106139 0.0449842 5091
2 0.374599 0.387239 0.0111451 0.0102773 5279
2 0.384774 0.439932 0.0269025 0.0296668 5290
2 0.971855 0.504963 0.0552963 0.0645846 5152
2 0.428222 0.394077 0.0175653 0.0148037 5314
2 0.527192 0.406274 0.0238278 0.0210035 5317
2 0.582998 0.481566 0.0570829 0.0487899 5220
