2 0.521362 0.435991 0.0464812 0.0363856 4682
2 0.597248 0.447018 0.0537567 0.0382814 4699
2 0.717523 0.463937 0.0869586 0.0529372 4914
2 0.444998 0.702991 0.151625 0.131399 4929
2 0.844746 0.492565 0.0982806 0.0480555 4960
2 0.307909 0.551976 0.0855992 0.0708918 4977
2 0.282289 0.524302 0.0716079 0.0512578 5034
2 0.149421 0.631364 0.131605 0.0908895 5075
2 0.182485 0.570279 0.106576 0.0452693 5091
2 0.451234 0.461004 0.0409832 0.0434759 5290
2 0.40452 0.390964 0.0144089 0.0123123 5314
2 0.477084 0.400204 0.0202467 0.0178128 5317
2 0.900797 0.477109 0.0733903 0.0414972 5319
2 0.971901 0.504758 0.0553705 0.0644701 5152
2 0.926237 0.571765 0.10656 0.084763 5261
