2 0.525929 0.435626 0.0465616 0.0363923 4682
2 0.599667 0.445971 0.0553647 0.0393777 4699
2 0.720157 0.463618 0.0864432 0.05226 4914
2 0.444655 0.701987 0.152008 0.131848 4929
2 0.844987 0.491714 0.0993916 0.0485725 4960
2 0.307787 0.551407 0.0857561 0.0709763 4977
2 0.28227 0.523859 0.071694 0.0512754 5034
2 0.149317 0.630987 0.131415 0.090675 5075
2 0.182057 0.569877 0.106586 0.0452719 5091
2 0.369957 0.385637 0.0104395 0.00987241 5279
2 0.406056 0.446501 0.0308658 0.0335641 5290
2 0.418069 0.392598 0.0147277 0.0122934 5314
2 0.504972 0.402873 0.0225085 0.0196606 5317
2 0.692085 0.510761 0.0785607 0.0606186 5059
2 0.961278 0.471903 0.0611949 0.0355661 5319
2 0.971944 0.503353 0.0560948 0.0655759 5152
