2 0.516745 0.437131 0.0433565 0.0335559 4682
2 0.587827 0.445737 0.0522703 0.0372511 4699
2 0.700247 0.460885 0.0830352 0.0513315 4914
2 0.444341 0.703322 0.152088 0.131542 4929
2 0.843646 0.491647 0.0980317 0.0478371 4960
2 0.307142 0.552232 0.0857534 0.0709799 4977
2 0.28135 0.524982 0.0722144 0.0517455 5034
2 0.148483 0.632321 0.131635 0.0911535 5075
2 0.181089 0.570994 0.106643 0.0453744 5091
2 0.42056 0.393797 0.0142822 0.0126127 5317
2 0.332949 0.425029 0.0153364 0.0171073 5340
2 0.356617 0.419303 0.0186646 0.0174301 5354
2 0.8307 0.462047 0.0687689 0.037427 5319
2 0.613379 0.427565 0.0336776 0.0271593 5312
