2 0.517164 0.436974 0.0449446 0.0346612 4682
2 0.586329 0.445758 0.0528735 0.0377239 4699
2 0.689846 0.459754 0.0819352 0.0513601 4914
2 0.444349 0.703155 0.151844 0.131291 4929
2 0.842254 0.492502 0.0984376 0.0482265 4960
2 0.307461 0.552319 0.0854523 0.0707509 4977
2 0.281623 0.524956 0.0710197 0.0508413 5034
2 0.148722 0.63181 0.131136 0.0908552 5075
2 0.181615 0.570834 0.106092 0.0449909 5091
2 0.403495 0.391039 0.0137647 0.0124599 5317
2 0.345877 0.429537 0.0175362 0.0189195 5340
2 0.387975 0.428915 0.0243261 0.0227619 5354
2 0.737002 0.438976 0.0473631 0.0287871 5319
2 0.971325 0.504558 0.05633 0.0644886 5152
2 0.914526 0.483306 0.0831602 0.0416293 5365
