2 0.51682 0.436596 0.046675 0.0357103 4682
2 0.586383 0.445586 0.0534569 0.0384549 4699
2 0.678925 0.458149 0.0780743 0.0502209 4914
2 0.44459 0.703361 0.151787 0.131004 4929
2 0.837339 0.492269 0.0985574 0.0485823 4960
2 0.307553 0.552486 0.0853582 0.0705703 4977
2 0.281823 0.525072 0.0711069 0.050757 5034
2 0.148935 0.631703 0.130961 0.0907873 5075
2 0.181364 0.571052 0.106661 0.0451539 5091
2 0.35893 0.434138 0.0210226 0.0218023 5340
2 0.623985 0.422169 0.0388743 0.0237159 5319
2 0.326939 0.422386 0.0147297 0.0160096 5372
2 0.730042 0.449392 0.0633203 0.0324025 5346
