2 0.491862 0.437328 0.0419633 0.032743 4682
2 0.583976 0.446127 0.0515947 0.03689 4699
2 0.67339 0.457127 0.0760544 0.049359 4914
2 0.444932 0.702577 0.152169 0.13178 4929
2 0.802204 0.486907 0.0914536 0.0457968 4960
2 0.306948 0.552095 0.0854835 0.070682 4977
2 0.281075 0.524855 0.0714656 0.0511451 5034
2 0.148275 0.631847 0.131303 0.0908031 5075
2 0.180939 0.570567 0.107622 0.0454008 5091
2 0.367505 0.437596 0.0232032 0.0232006 5340
2 0.346851 0.430396 0.0190992 0.0193266 5372
2 0.394502 0.399409 0.0174494 0.013343 5387
2 0.507229 0.415354 0.0347845 0.0208011 5346
2 0.448973 0.407896 0.0224524 0.0191142 5418
2 0.653006 0.434096 0.0433232 0.0268982 5208
