2 0.466387 0.438386 0.0436063 0.0335837 4682
2 0.577573 0.445411 0.0507473 0.0362796 4699
2 0.672413 0.457352 0.0751873 0.0482156 4914
2 0.450377 0.701925 0.151132 0.131115 4929
2 0.796419 0.48509 0.0913118 0.0458 4960
2 0.307281 0.551971 0.0857812 0.0709917 4977
2 0.281466 0.524901 0.0714442 0.0510986 5034
2 0.148692 0.631515 0.131287 0.0907377 5075
2 0.181533 0.570349 0.107215 0.0452156 5091
2 0.367828 0.437574 0.023751 0.0238141 5340
2 0.349024 0.431727 0.0199734 0.0204249 5372
2 0.382103 0.39881 0.0142915 0.011106 5387
2 0.42667 0.404926 0.0196082 0.0168287 5418
2 0.727285 0.449847 0.0633518 0.0349973 5423
2 0.535054 0.406916 0.0363705 0.0281642 5424
