2 0.513158 0.437607 0.0456533 0.034482 4682
2 0.586304 0.44632 0.0525448 0.037747 4699
2 0.68 0.457695 0.0753421 0.04903 4914
2 0.444562 0.7037 0.151923 0.131187 4929
2 0.826329 0.491259 0.0947369 0.0474425 4960
2 0.307412 0.552474 0.0854479 0.0706729 4977
2 0.281625 0.525093 0.0716746 0.0512454 5034
2 0.148775 0.631743 0.130833 0.0905963 5075
2 0.181602 0.570734 0.106181 0.0448365 5091
2 0.36622 0.437197 0.0229171 0.0232729 5340
2 0.555711 0.413645 0.032619 0.0201128 5319
2 0.337706 0.426932 0.0168206 0.0176283 5372
2 0.4302 0.405412 0.0202559 0.0148813 5387
2 0.9687 0.504769 0.0591806 0.0661931 5152
2 0.705078 0.518237 0.0853223 0.0635243 5059
2 0.609613 0.429411 0.0454701 0.0246883 5346
