2 0.507263 0.436121 0.0430165 0.0344122 4682
2 0.58604 0.445596 0.0515897 0.0369553 4699
2 0.674128 0.456098 0.0749504 0.0490234 4914
2 0.44439 0.702303 0.152403 0.13187 4929
2 0.811311 0.487071 0.0931578 0.0466866 4960
2 0.307567 0.552107 0.0855533 0.0707526 4977
2 0.281841 0.524683 0.0719086 0.0514652 5034
2 0.148968 0.631592 0.130764 0.0904385 5075
2 0.18132 0.570622 0.107099 0.0451998 5091
2 0.367937 0.437136 0.0230787 0.0231798 5340
2 0.512484 0.407172 0.0273987 0.0171234 5319
2 0.345136 0.429154 0.0186155 0.0190438 5372
2 0.404995 0.40098 0.0176027 0.0131608 5387
2 0.533124 0.418476 0.0385402 0.0222083 5346
2 0.466067 0.408831 0.0240037 0.0204298 5418
2 0.906234 0.481589 0.0817152 0.0414165 5365
