2 0.512104 0.436813 0.0454946 0.0345102 4682
2 0.586831 0.446028 0.0521416 0.0374217 4699
2 0.680569 0.456525 0.0744768 0.0489836 4914
2 0.444763 0.703145 0.152461 0.131713 4929
2 0.824174 0.490008 0.0944328 0.0472435 4960
2 0.307621 0.552016 0.0854965 0.070697 4977
2 0.282086 0.524628 0.0714823 0.0510802 5034
2 0.14901 0.631412 0.13096 0.0906579 5075
2 0.181847 0.570338 0.106221 0.0448381 5091
2 0.36718 0.436849 0.0229323 0.0232282 5340
2 0.544476 0.411488 0.031359 0.0193708 5319
2 0.340104 0.427199 0.0173659 0.0180032 5372
2 0.423514 0.403632 0.0193313 0.0142311 5387
2 0.968136 0.503093 0.0609093 0.0678068 5152
2 0.500191 0.412626 0.0291805 0.0231496 5406
2 0.583654 0.424412 0.0405671 0.0221149 5346
