2 0.499009 0.436469 0.0424748 0.0336106 4682
2 0.585253 0.445795 0.0511782 0.0365703 4699
2 0.673933 0.456166 0.0748857 0.048692 4914
2 0.444622 0.702335 0.152248 0.131793 4929
2 0.806635 0.486471 0.0922159 0.046194 4960
2 0.307456 0.551868 0.0855835 0.0707884 4977
2 0.281695 0.524673 0.0716164 0.0512576 5034
2 0.14884 0.631628 0.130893 0.0905039 5075
2 0.181319 0.570467 0.107462 0.0453334 5091
2 0.36786 0.437081 0.0233214 0.0234031 5340
2 0.503531 0.405726 0.0263619 0.0165598 5319
2 0.34609 0.429462 0.0188648 0.0191782 5372
2 0.399961 0.400033 0.0176376 0.0133064 5387
2 0.519629 0.416891 0.0354512 0.0207369 5346
2 0.458351 0.408208 0.0232725 0.0198005 5418
