2 0.365446 0.454811 0.050357 0.0379937 4682
2 0.518628 0.441542 0.0478148 0.0333445 4699
2 0.659959 0.455135 0.0753027 0.0487811 4914
2 0.5593 0.666714 0.134885 0.121983 4929
2 0.796422 0.48461 0.0905561 0.0457294 4960
2 0.307432 0.552293 0.0855214 0.0707749 4977
2 0.28171 0.524841 0.0715621 0.0511911 5034
2 0.14899 0.631619 0.131092 0.0905706 5075
2 0.181996 0.570389 0.106471 0.0449469 5091
2 0.367187 0.43493 0.01919 0.0188082 5340
2 0.350037 0.432346 0.0191616 0.0208581 5372
2 0.358502 0.394476 0.0117132 0.0101732 5387
2 0.388955 0.39899 0.0155499 0.0140594 5418
2 0.465659 0.397329 0.0271084 0.0215602 5424
2 0.55372 0.422405 0.039805 0.02663 5428
2 0.486555 0.411649 0.0351157 0.0198854 5426
