2 0.179543 0.504104 0.0659121 0.050782 4682
2 0.393481 0.452922 0.0507114 0.0361503 4699
2 0.604687 0.44697 0.0662112 0.0432185 4914
2 0.913104 0.637123 0.131532 0.104735 4929
2 0.786572 0.483336 0.0903609 0.0460322 4960
2 0.307008 0.552164 0.0855496 0.0708727 4977
2 0.281483 0.524823 0.0713836 0.0508674 5034
2 0.148423 0.631542 0.131524 0.09099 5075
2 0.181162 0.570533 0.106876 0.045161 5091
2 0.367311 0.437229 0.0241083 0.0237295 5340
2 0.350154 0.432016 0.018202 0.0205154 5372
2 0.342877 0.391056 0.0105246 0.00964621 5387
2 0.362348 0.39428 0.0117573 0.011618 5418
2 0.414526 0.390909 0.0171577 0.0150427 5424
2 0.44637 0.410656 0.0250161 0.0171311 5428
2 0.419435 0.403143 0.0232492 0.0156468 5426
2 0.145398 0.778938 0.0983368 0.15805 5429
2 0.690309 0.433782 0.0424049 0.0269795 5312
