2 0.206845 0.496456 0.0640651 0.0493241 4682
2 0.408697 0.450739 0.0498997 0.0354417 4699
2 0.611495 0.448617 0.06643 0.043372 4914
2 0.866745 0.634789 0.128713 0.104495 4929
2 0.790724 0.484539 0.0899874 0.0455575 4960
2 0.306637 0.552106 0.0854512 0.0707672 4977
2 0.28089 0.524745 0.0712382 0.0508234 5034
2 0.148067 0.631688 0.13167 0.091048 5075
2 0.18078 0.570713 0.107203 0.0453051 5091
2 0.367172 0.437381 0.0241348 0.0237183 5340
2 0.349808 0.432258 0.0182842 0.0206117 5372
2 0.344213 0.39166 0.0105709 0.00966085 5387
2 0.36451 0.395033 0.0117552 0.0114949 5418
2 0.419002 0.391888 0.0186937 0.0161298 5424
2 0.455336 0.411551 0.0253376 0.0173056 5428
2 0.424689 0.403814 0.0248742 0.0164786 5426
2 0.111508 0.789885 0.0889751 0.155969 5429
2 0.701358 0.438719 0.0444585 0.028951 5312
