2 0.165933 0.509674 0.0677473 0.0481994 4699
2 0.48294 0.441851 0.058944 0.0397498 4914
2 0.626128 0.456101 0.0629047 0.034916 4960
2 0.307165 0.552438 0.0854311 0.0707789 4977
2 0.281029 0.524922 0.0717377 0.0511419 5034
2 0.148254 0.631672 0.131416 0.0909913 5075
2 0.181051 0.570755 0.107498 0.0454486 5091
2 0.367063 0.437388 0.0243127 0.0240332 5340
2 0.349569 0.432184 0.0174249 0.0205936 5372
2 0.344336 0.391716 0.00972913 0.0106195 5418
2 0.373564 0.403132 0.018234 0.0143246 5428
2 0.647244 0.658404 0.125535 0.127483 5429
2 0.318819 0.418224 0.0164601 0.0193794 5439
2 0.335044 0.426057 0.0163628 0.0165694 5443
2 0.601546 0.42793 0.0460916 0.0254351 5431
2 0.478612 0.411845 0.0306575 0.0194852 5444
