2 0.263401 0.480987 0.0571664 0.0403449 4699
2 0.53253 0.442038 0.0607826 0.0400265 4914
2 0.690792 0.467234 0.076259 0.040329 4960
2 0.30712 0.552238 0.08555 0.0708791 4977
2 0.281001 0.524458 0.0717875 0.0511346 5034
2 0.148309 0.631428 0.131692 0.0911445 5075
2 0.181087 0.570447 0.106847 0.0450967 5091
2 0.36718 0.43719 0.0244532 0.0238791 5340
2 0.349896 0.431681 0.0182108 0.0213043 5372
2 0.349396 0.391989 0.0104856 0.010995 5418
2 0.393447 0.403523 0.0235736 0.0171438 5428
2 0.460731 0.692952 0.130925 0.147692 5429
2 0.316415 0.417243 0.0159875 0.0188887 5439
2 0.33382 0.425556 0.016694 0.0167574 5443
2 0.525368 0.417016 0.0326437 0.0202661 5444
2 0.687444 0.440789 0.0534536 0.0281213 5431
2 0.855166 0.485627 0.0939469 0.0549511 5414
