2 0.0360805 0.556559 0.0799257 0.0619112 4682
2 0.305034 0.469363 0.0514236 0.0362597 4699
2 0.555657 0.442822 0.0624059 0.0409878 4914
2 0.726251 0.472566 0.0808917 0.0422246 4960
2 0.3071 0.552035 0.0855289 0.0708457 4977
2 0.281346 0.524365 0.0719524 0.0511787 5034
2 0.148436 0.631391 0.131504 0.0909816 5075
2 0.181432 0.570316 0.107309 0.0453484 5091
2 0.367215 0.437106 0.0240779 0.0233176 5340
2 0.349775 0.431203 0.0189976 0.0219556 5372
2 0.352657 0.392193 0.0108459 0.0111152 5418
2 0.406893 0.406295 0.0210646 0.0148393 5428
2 0.39625 0.399504 0.0188387 0.0143415 5426
2 0.36994 0.71543 0.125916 0.151465 5429
2 0.314762 0.416236 0.0158413 0.0187063 5439
2 0.333499 0.42471 0.0172944 0.0173278 5443
2 0.841304 0.454091 0.0804761 0.0410188 5365
2 0.744008 0.450826 0.0624649 0.0347184 5423
