2 0.0420945 0.553684 0.0797558 0.057608 4699
2 0.425616 0.446235 0.0590895 0.0397873 4914
2 0.563798 0.44895 0.0574979 0.032794 4960
2 0.306065 0.552295 0.0856505 0.0707368 4977
2 0.280953 0.525123 0.0730481 0.0520465 5034
2 0.146849 0.631875 0.131193 0.090664 5075
2 0.179962 0.570651 0.106955 0.0452221 5091
2 0.366563 0.437557 0.0240504 0.0240312 5340
2 0.348434 0.432672 0.0170282 0.0206574 5372
2 0.339588 0.39045 0.00931476 0.0106617 5418
2 0.867603 0.654609 0.144488 0.129076 5429
2 0.319863 0.41902 0.0167914 0.0198812 5439
2 0.335204 0.426215 0.0170702 0.0177859 5443
2 0.533704 0.418481 0.0368562 0.0214489 5431
2 0.443879 0.408264 0.0265244 0.0177483 5444
2 0.310428 0.778093 0.211949 0.138544 5457
2 0.58243 0.41564 0.0352859 0.0234864 5208
2 0.717477 0.448397 0.0520836 0.028368 5423
