2 0.365406 0.455332 0.0616113 0.0422765 4914
2 0.511099 0.447903 0.0498878 0.0287489 4960
2 0.307131 0.552949 0.0853667 0.0703347 4977
2 0.281625 0.525271 0.0716328 0.0510044 5034
2 0.148275 0.631731 0.130903 0.0902085 5075
2 0.181077 0.570453 0.105449 0.0446309 5091
2 0.366381 0.434811 0.0183102 0.0178688 5340
2 0.349946 0.433288 0.0169273 0.0204987 5372
2 0.321868 0.420121 0.0172303 0.0202754 5439
2 0.337947 0.426336 0.0181046 0.0193264 5443
2 0.419786 0.405312 0.0219261 0.015704 5444
2 0.544515 0.734581 0.198523 0.132939 5457
2 0.533099 0.410141 0.0316722 0.0216285 5208
2 0.486939 0.411561 0.0302258 0.0185937 5431
