2 0.410363 0.448058 0.0594061 0.0401166 4914
2 0.549945 0.448064 0.0543922 0.0309622 4960
2 0.305678 0.552277 0.0859339 0.070951 4977
2 0.280813 0.525309 0.0731968 0.052114 5034
2 0.146319 0.632093 0.131338 0.0906672 5075
2 0.179309 0.570527 0.108757 0.0460993 5091
2 0.366133 0.437492 0.0240759 0.0241043 5340
2 0.347916 0.432764 0.0169235 0.0206327 5372
2 0.338047 0.390153 0.0087841 0.0102736 5418
2 0.915863 0.656738 0.146495 0.129199 5429
2 0.319887 0.419586 0.016431 0.0193259 5439
2 0.334826 0.426449 0.0165727 0.0174372 5443
2 0.51972 0.416333 0.0352161 0.0208464 5431
2 0.436623 0.407162 0.0250715 0.0170152 5444
2 0.372775 0.764592 0.208912 0.136751 5457
2 0.571377 0.414109 0.0353186 0.0235588 5208
2 0.698621 0.446406 0.0552371 0.0300758 5423
