2 0.243151 0.480745 0.0703376 0.0499153 4914
2 0.399017 0.455428 0.0498301 0.0283216 4960
2 0.307923 0.552313 0.0858318 0.0706626 4977
2 0.282161 0.524519 0.0710305 0.0506286 5034
2 0.149437 0.631029 0.131091 0.090253 5075
2 0.182075 0.5699 0.105875 0.0446287 5091
2 0.367971 0.437515 0.0241996 0.0235153 5340
2 0.351083 0.43211 0.017659 0.0208816 5372
2 0.323258 0.41961 0.0170295 0.0202991 5439
2 0.337671 0.426578 0.0162568 0.0183967 5443
2 0.981408 0.727013 0.150674 0.106139 5457
2 0.462426 0.399902 0.021797 0.0157797 5208
2 0.43046 0.402077 0.0208794 0.0147783 5431
2 0.917603 0.5013 0.0415016 0.0674861 5469
2 0.519785 0.416993 0.0271922 0.0194363 5471
2 0.388733 0.430445 0.023561 0.0207536 5472
