2 0.221589 0.486995 0.0735594 0.0524226 4914
2 0.381995 0.45877 0.0507851 0.0288769 4960
2 0.308115 0.552586 0.0852307 0.0701166 4977
2 0.282525 0.524764 0.0716535 0.0511225 5034
2 0.15007 0.631229 0.131194 0.0903196 5075
2 0.182325 0.570496 0.107235 0.0452009 5091
2 0.368128 0.437762 0.0242369 0.0237238 5340
2 0.351095 0.43245 0.0177021 0.0210706 5372
2 0.323404 0.420082 0.0166293 0.0198306 5439
2 0.338367 0.42722 0.0157138 0.0177408 5443
2 0.455324 0.39906 0.0211698 0.0153697 5208
2 0.424104 0.400995 0.0207034 0.014936 5431
2 0.507948 0.415317 0.0262199 0.0186786 5471
2 0.390674 0.431185 0.0246362 0.021718 5472
2 0.889182 0.496032 0.109667 0.0646318 5414
