2 0.198808 0.492649 0.0741259 0.0527244 4914
2 0.363872 0.461513 0.0529063 0.0301576 4960
2 0.308076 0.552674 0.0853055 0.0701551 4977
2 0.282458 0.524788 0.0715515 0.0510468 5034
2 0.149726 0.631235 0.131167 0.0902698 5075
2 0.182073 0.570437 0.106292 0.0447619 5091
2 0.368046 0.437472 0.023086 0.0225269 5340
2 0.350915 0.432584 0.0179708 0.0215922 5372
2 0.323669 0.420047 0.0175101 0.0210291 5439
2 0.338155 0.427257 0.0159118 0.0182071 5443
2 0.448122 0.397746 0.0212641 0.0156294 5208
2 0.418209 0.399958 0.0199424 0.0146371 5431
2 0.498996 0.41395 0.0255297 0.0183861 5471
2 0.391619 0.431788 0.024378 0.0214849 5472
2 0.874338 0.493995 0.107272 0.0637876 5414
2 0.754441 0.451636 0.0774594 0.041346 5365
