2 0.200876 0.505199 0.0692548 0.0402537 4960
2 0.309234 0.552282 0.0852649 0.0701777 4977
2 0.283621 0.52464 0.0715401 0.0509958 5034
2 0.151609 0.630413 0.130686 0.0898603 5075
2 0.184213 0.569684 0.107758 0.0454501 5091
2 0.369082 0.438089 0.0235881 0.023515 5340
2 0.351811 0.432516 0.0173935 0.0214808 5372
2 0.324935 0.420993 0.0155742 0.018229 5439
2 0.339033 0.427384 0.0150249 0.0177757 5443
2 0.432828 0.403043 0.0188824 0.0140295 5471
2 0.396926 0.432687 0.0246523 0.0219502 5472
2 0.706913 0.462487 0.0807271 0.0513847 5414
2 0.677665 0.430449 0.0437596 0.0298697 5312
