2 0.0256823 0.549451 0.0816511 0.0608049 4914
2 0.223003 0.498336 0.065915 0.0383243 4960
2 0.307973 0.55356 0.0851052 0.0700304 4977
2 0.282507 0.52567 0.0715378 0.0509415 5034
2 0.149581 0.631365 0.130998 0.0901136 5075
2 0.182336 0.57064 0.1075 0.0452527 5091
2 0.367867 0.439578 0.0235126 0.0233579 5340
2 0.350298 0.433584 0.0175365 0.0215248 5372
2 0.32376 0.422009 0.0162086 0.0190476 5439
2 0.338143 0.428591 0.0153622 0.0180045 5443
2 0.437442 0.405933 0.0194031 0.0141591 5471
2 0.395447 0.433843 0.0252538 0.0225219 5472
2 0.723709 0.467933 0.0838522 0.0528239 5414
2 0.69091 0.435996 0.0469315 0.0318511 5312
