2 0.309434 0.552203 0.0855136 0.0701485 4977
2 0.283911 0.524726 0.0715102 0.0510881 5034
2 0.151302 0.630649 0.131198 0.0901859 5075
2 0.184391 0.570024 0.106378 0.0450898 5091
2 0.513053 0.438309 0.0523916 0.0367966 5414
2 0.430108 0.403621 0.0225497 0.0173928 5488
2 0.796383 0.483172 0.0566716 0.0500874 5493
2 0.47713 0.401661 0.0228248 0.0177214 5498
2 0.396457 0.432527 0.0236884 0.0212721 5472
2 0.369364 0.43756 0.0234418 0.0242169 5340
2 0.569974 0.423985 0.0314908 0.0265356 5496
2 0.352616 0.431875 0.0172078 0.0213442 5372
