2 0.309567 0.552376 0.0855365 0.0702202 4977
2 0.284466 0.524416 0.0716797 0.051236 5034
2 0.151329 0.630713 0.131374 0.0903433 5075
2 0.18438 0.56998 0.106181 0.0449496 5091
2 0.325317 0.418148 0.0147972 0.0172564 5439
2 0.536692 0.439196 0.0547418 0.0377797 5414
2 0.445356 0.405102 0.0245308 0.0188601 5488
2 0.842782 0.49231 0.0555881 0.0530267 5493
2 0.296145 0.406941 0.0106535 0.0135638 5497
2 0.495184 0.404729 0.0235372 0.0180487 5498
2 0.396746 0.432424 0.0235246 0.0213528 5472
2 0.619788 0.41886 0.0298224 0.0225663 5467
