2 0.309246 0.551754 0.0854488 0.0701673 4977
2 0.283599 0.524234 0.0717835 0.0513574 5034
2 0.151259 0.630463 0.1318 0.0906797 5075
2 0.183932 0.569374 0.105935 0.0448912 5091
2 0.417485 0.4449 0.0519635 0.036728 5414
2 0.386876 0.400173 0.0191059 0.0153327 5488
2 0.646194 0.455213 0.0516521 0.0390959 5493
2 0.430891 0.395092 0.0176247 0.0143885 5498
2 0.395884 0.431723 0.0229504 0.0203031 5472
2 0.369119 0.437062 0.0230808 0.024116 5340
2 0.35191 0.431857 0.0169737 0.0212559 5372
2 0.884214 0.496901 0.083349 0.0612701 5489
2 0.339414 0.426076 0.0154587 0.0190607 5443
2 0.324887 0.417662 0.0185231 0.0233753 5439
2 0.502014 0.404929 0.0251005 0.0191746 5520
