2 0.309437 0.551368 0.0858614 0.0705528 4977
2 0.283916 0.52368 0.0711615 0.0510831 5034
2 0.151837 0.629855 0.131094 0.0899467 5075
2 0.183884 0.569229 0.106474 0.0449209 5091
2 0.137853 0.515151 0.077615 0.058545 5414
2 0.409365 0.448616 0.0481969 0.0355499 5493
2 0.369135 0.436474 0.0233449 0.0240937 5340
2 0.352373 0.430686 0.0176204 0.0223072 5372
2 0.58466 0.446542 0.0567275 0.0387696 5489
2 0.338974 0.425833 0.0140703 0.0180086 5443
2 0.324952 0.419083 0.0159177 0.0197862 5439
2 0.3827 0.396769 0.0149603 0.0134204 5533
2 0.39662 0.431606 0.0253503 0.0219522 5472
2 0.422233 0.403824 0.0181151 0.0153158 5552
2 0.510039 0.41173 0.0273068 0.0221759 5545
