2 0.309365 0.551316 0.0855063 0.070215 4977
2 0.283807 0.523575 0.0712054 0.0511111 5034
2 0.151699 0.629608 0.131285 0.0900651 5075
2 0.183918 0.569195 0.105555 0.0444893 5091
2 0.0823099 0.535832 0.0845902 0.0641719 5414
2 0.378836 0.453305 0.0486433 0.0360496 5493
2 0.368902 0.436099 0.0226887 0.0235009 5340
2 0.352393 0.430647 0.0175166 0.0220981 5372
2 0.551462 0.444216 0.0545547 0.0373501 5489
2 0.340458 0.425477 0.0145599 0.018291 5443
2 0.325103 0.418705 0.0160662 0.0198087 5439
2 0.376898 0.395616 0.0134471 0.012238 5533
2 0.396467 0.430547 0.0239031 0.0203326 5472
2 0.410757 0.401656 0.0175291 0.0149301 5552
2 0.0887767 0.801912 0.0913032 0.117371 5573
2 0.657292 0.435894 0.0453783 0.0292248 5365
2 0.462865 0.399119 0.0172453 0.0147556 5546
