2 0.309422 0.551351 0.0855912 0.0701777 4977
2 0.283616 0.523674 0.0712635 0.0511752 5034
2 0.151598 0.630101 0.13133 0.0901389 5075
2 0.183705 0.569194 0.106318 0.0449176 5091
2 0.246433 0.486329 0.0581375 0.0425955 5493
2 0.369241 0.436194 0.0232244 0.0239807 5340
2 0.351716 0.430945 0.0169151 0.021547 5372
2 0.421925 0.448503 0.052409 0.0362206 5489
2 0.342356 0.425396 0.0154968 0.0186882 5443
2 0.324803 0.41918 0.0159617 0.0192055 5439
2 0.396308 0.431243 0.0251339 0.0215673 5472
2 0.526327 0.706795 0.139239 0.140612 5573
2 0.853623 0.471524 0.0677643 0.0478168 5547
2 0.52014 0.413241 0.0261681 0.0210355 5545
