2 0.309397 0.551262 0.0853891 0.0700793 4977
2 0.283828 0.523475 0.0711923 0.0511074 5034
2 0.151621 0.629528 0.131502 0.0902225 5075
2 0.183907 0.56902 0.106131 0.0447395 5091
2 0.0509242 0.548694 0.0895959 0.0684137 5414
2 0.363178 0.45638 0.0493494 0.0365801 5493
2 0.369058 0.434768 0.0208635 0.0211013 5340
2 0.352345 0.430357 0.0176968 0.0223171 5372
2 0.535238 0.443267 0.0534557 0.0365885 5489
2 0.340974 0.425242 0.0149383 0.0185781 5443
2 0.325034 0.418672 0.0159981 0.0197221 5439
2 0.374158 0.394928 0.01314 0.0120165 5533
2 0.396386 0.430823 0.0247739 0.021126 5472
2 0.405548 0.400762 0.0163838 0.0140093 5552
2 0.128052 0.791212 0.107877 0.134429 5573
2 0.624669 0.430765 0.0374516 0.0265211 5312
