2 0.309533 0.551063 0.0855997 0.0702466 4977
2 0.283829 0.523337 0.0713456 0.0512041 5034
2 0.15139 0.630226 0.131549 0.0903271 5075
2 0.183816 0.568979 0.105964 0.0446878 5091
2 0.315722 0.467246 0.0513051 0.0379004 5493
2 0.369377 0.435919 0.0233414 0.0237765 5340
2 0.351824 0.430335 0.0172854 0.0218888 5372
2 0.487178 0.443256 0.0523207 0.0359833 5489
2 0.340272 0.424976 0.0152616 0.0191172 5443
2 0.32511 0.419035 0.0156939 0.019064 5439
2 0.396415 0.430906 0.0250963 0.0215378 5472
2 0.393251 0.398511 0.016412 0.0145075 5552
2 0.301599 0.748095 0.126473 0.142452 5573
2 0.948613 0.490158 0.0631571 0.0501271 5547
2 0.578348 0.422254 0.0341586 0.024657 5467
