2 0.310475 0.551233 0.0858835 0.0705919 4977
2 0.284081 0.524348 0.0713089 0.0512456 5034
2 0.151363 0.630554 0.131432 0.0901106 5075
2 0.183747 0.569821 0.108195 0.0458852 5091
2 0.139886 0.52037 0.0710111 0.0520974 5493
2 0.369363 0.436884 0.0225279 0.0229928 5340
2 0.351797 0.431976 0.0173909 0.0223926 5372
2 0.337331 0.462623 0.0544659 0.0382726 5489
2 0.339108 0.426863 0.0141098 0.0172567 5443
2 0.324675 0.419576 0.0165541 0.0200017 5439
2 0.396357 0.432353 0.0254921 0.0214649 5472
2 0.836945 0.698802 0.152947 0.134983 5573
2 0.775427 0.458211 0.0649279 0.042888 5547
2 0.206364 0.755725 0.165018 0.125386 5585
2 0.473366 0.407911 0.0188713 0.0169741 5590
