2 0.312121 0.550747 0.0847173 0.0696322 4977
2 0.285057 0.523808 0.0713285 0.0513506 5034
2 0.151575 0.630359 0.131263 0.0899484 5075
2 0.183599 0.569648 0.106682 0.0452092 5091
2 0.115035 0.529178 0.0745069 0.0546631 5493
2 0.369294 0.437131 0.0231422 0.0236823 5340
2 0.351951 0.431672 0.0171335 0.0220092 5372
2 0.320049 0.465906 0.056918 0.0402235 5489
2 0.338983 0.426554 0.0142948 0.0175904 5443
2 0.324857 0.419573 0.0164686 0.0199345 5439
2 0.396297 0.432289 0.0252503 0.0212884 5472
2 0.899642 0.704165 0.155661 0.134139 5573
2 0.765283 0.456563 0.0638987 0.0419241 5547
2 0.261146 0.739873 0.165833 0.125101 5585
2 0.466713 0.406572 0.0192052 0.0172459 5590
