2 0.323248 0.543637 0.0827871 0.068317 4977
2 0.290219 0.521768 0.0712599 0.0517799 5034
2 0.153292 0.630377 0.130626 0.0895945 5075
2 0.184191 0.569688 0.105588 0.0445776 5091
2 0.0366201 0.56188 0.07923 0.0593175 5493
2 0.369146 0.437422 0.023261 0.0240338 5340
2 0.352187 0.431771 0.0168028 0.0215217 5372
2 0.265814 0.477786 0.0603934 0.0426435 5489
2 0.338959 0.426492 0.0145285 0.0179689 5443
2 0.324829 0.419792 0.0161544 0.0196005 5439
2 0.396502 0.43209 0.0252003 0.0214639 5472
2 0.74133 0.45125 0.0628408 0.0409647 5547
2 0.416695 0.703908 0.162175 0.120542 5585
2 0.445018 0.403 0.0185982 0.0166265 5590
