2 0.388277 0.506137 0.0663676 0.0557671 4977
2 0.32782 0.501799 0.0644388 0.0487275 5034
2 0.1763 0.618003 0.125176 0.0864758 5075
2 0.199287 0.562513 0.100291 0.0427083 5091
2 0.36867 0.436571 0.0229328 0.0239873 5340
2 0.351957 0.431301 0.0169625 0.0215587 5372
2 0.115062 0.521945 0.0778699 0.0563782 5489
2 0.33842 0.426348 0.0143162 0.0180259 5443
2 0.32444 0.419007 0.0161632 0.0196908 5439
2 0.396417 0.431905 0.0251139 0.021642 5472
2 0.714918 0.446321 0.0594801 0.0382479 5547
2 0.812153 0.691743 0.166929 0.120077 5585
2 0.409173 0.39741 0.0140965 0.0127966 5590
2 0.855059 0.459779 0.047931 0.0390019 5593
2 0.142651 0.801233 0.0913644 0.145457 5595
