2 0.422619 0.486627 0.0574601 0.0490631 4977
2 0.352902 0.490323 0.0588425 0.0453007 5034
2 0.195032 0.609068 0.121314 0.0842972 5075
2 0.222159 0.55306 0.0974465 0.0419986 5091
2 0.36922 0.437638 0.02323 0.0244153 5340
2 0.351717 0.432079 0.0172348 0.0221323 5372
2 0.0395763 0.55274 0.0836207 0.0616388 5489
2 0.339111 0.427274 0.014033 0.0176729 5443
2 0.324722 0.420108 0.0160866 0.0197282 5439
2 0.396372 0.432828 0.0249234 0.0215714 5472
2 0.712396 0.447408 0.0586807 0.0374869 5547
2 0.398735 0.396348 0.0138435 0.0126306 5590
2 0.814655 0.454157 0.0486867 0.0361061 5593
2 0.314342 0.755972 0.112226 0.148605 5595
