2 0.399672 0.499942 0.0634862 0.0536294 4977
2 0.335742 0.498361 0.062814 0.0477926 5034
2 0.181469 0.615531 0.123612 0.0855097 5075
2 0.205355 0.55982 0.101767 0.0435061 5091
2 0.368947 0.437132 0.0230862 0.0241441 5340
2 0.351752 0.431489 0.0171583 0.0218424 5372
2 0.0897939 0.531335 0.0805882 0.0584859 5489
2 0.338585 0.426755 0.0141782 0.0178402 5443
2 0.324362 0.419152 0.0163898 0.0200682 5439
2 0.396335 0.43227 0.025044 0.0216358 5472
2 0.713552 0.447109 0.0585023 0.0375021 5547
2 0.881732 0.70293 0.177257 0.12497 5585
2 0.405287 0.397155 0.0137224 0.0124413 5590
2 0.842921 0.458569 0.0492976 0.0385556 5593
2 0.196971 0.786718 0.0999958 0.149 5595
