2 0.355472 0.525321 0.0745538 0.0618671 4977
2 0.306813 0.512231 0.0685018 0.0508709 5034
2 0.16345 0.624935 0.128468 0.088391 5075
2 0.188166 0.567499 0.104279 0.0442987 5091
2 0.368822 0.436564 0.0230645 0.0240444 5340
2 0.35157 0.4313 0.0166594 0.0212691 5372
2 0.182719 0.500749 0.0654884 0.0470395 5489
2 0.33853 0.426428 0.0142284 0.017752 5443
2 0.324593 0.419505 0.0159023 0.0192761 5439
2 0.396332 0.431835 0.0248188 0.0212647 5472
2 0.721606 0.447813 0.0595273 0.0384722 5547
2 0.617547 0.680533 0.152058 0.112454 5585
2 0.422448 0.398427 0.0174517 0.0158587 5590
2 0.912624 0.470787 0.047187 0.0415579 5593
2 0.0463665 0.832408 0.0552803 0.101703 5595
