2 0.489865 0.441606 0.0345504 0.0334567 4977
2 0.419761 0.45489 0.0429841 0.0355497 5034
2 0.283141 0.562704 0.099293 0.0722928 5075
2 0.313846 0.511496 0.08649 0.0424858 5091
2 0.368935 0.437204 0.0227978 0.0242992 5340
2 0.351907 0.431621 0.0165912 0.0213661 5372
2 0.339099 0.426986 0.0136206 0.0175281 5443
2 0.324658 0.419256 0.0163011 0.0205231 5439
2 0.396783 0.432326 0.0248493 0.0217562 5472
2 0.713334 0.446603 0.0593015 0.0378417 5547
2 0.758174 0.442071 0.0501696 0.0340285 5593
2 0.75962 0.673085 0.135183 0.127304 5595
2 0.927983 0.484179 0.0445152 0.050826 5598
2 0.0529523 0.647381 0.0454474 0.0916024 5599
2 0.195227 0.77915 0.139964 0.136293 5601
