2 0.50005 0.433147 0.0292085 0.0301252 4977
2 0.433186 0.448152 0.0390254 0.0329694 5034
2 0.308059 0.548659 0.0918631 0.0678729 5075
2 0.338243 0.500056 0.0813741 0.0418377 5091
2 0.368775 0.437152 0.0225889 0.0241081 5340
2 0.352073 0.431727 0.0166548 0.021196 5372
2 0.338956 0.426838 0.0139159 0.0179058 5443
2 0.324579 0.41922 0.0162611 0.0206064 5439
2 0.396519 0.432298 0.0246902 0.0217027 5472
2 0.713393 0.44688 0.0589681 0.0375785 5547
2 0.752457 0.440564 0.0468912 0.0328334 5593
2 0.884648 0.674267 0.144082 0.122857 5595
2 0.907844 0.479933 0.0486755 0.0497759 5598
2 0.0700291 0.632719 0.0573896 0.0945907 5599
2 0.304173 0.745887 0.144198 0.134443 5601
2 0.968105 0.517435 0.0445073 0.0534705 5603
