2 0.474031 0.450666 0.039356 0.0369032 4977
2 0.404678 0.463 0.0464934 0.0375931 5034
2 0.257328 0.576458 0.107477 0.0771568 5075
2 0.289369 0.523788 0.0912234 0.0429615 5091
2 0.368985 0.437373 0.0227772 0.024199 5340
2 0.351911 0.431779 0.0165211 0.0213393 5372
2 0.33932 0.426808 0.0140111 0.0179645 5443
2 0.324636 0.419204 0.0165244 0.0207148 5439
2 0.39662 0.4322 0.0248654 0.0217252 5472
2 0.712942 0.446461 0.0594704 0.0379768 5547
2 0.765743 0.444611 0.0499433 0.0334212 5593
2 0.639137 0.681172 0.122504 0.122735 5595
2 0.95034 0.488286 0.040498 0.0524653 5598
2 0.0369325 0.656027 0.0320187 0.0741518 5599
2 0.0998007 0.813071 0.134157 0.136633 5601
