2 0.462011 0.424072 0.0252493 0.0255732 5034
2 0.397086 0.497341 0.0662647 0.0527135 5075
2 0.419614 0.456501 0.0525613 0.0327425 5091
2 0.368978 0.436737 0.0225985 0.0242459 5340
2 0.351659 0.431465 0.0166746 0.0213934 5372
2 0.338848 0.426238 0.013738 0.0180065 5443
2 0.324624 0.418607 0.0162531 0.0210697 5439
2 0.396571 0.431962 0.0244062 0.0214029 5472
2 0.714226 0.44655 0.0591376 0.0375462 5547
2 0.72895 0.433888 0.0324858 0.024826 5593
2 0.858627 0.471346 0.0646409 0.0460537 5598
2 0.214677 0.555509 0.0674055 0.0637282 5599
2 0.674266 0.683658 0.144978 0.112812 5601
2 0.793498 0.483636 0.048181 0.0469986 5603
0 0.603214 0.430293 0.00806649 0.0278425 5604
2 0.150777 0.630863 0.0859087 0.103808 5605
2 0.969376 0.484566 0.0399943 0.0386191 5607
