2 0.462374 0.416819 0.0184974 0.0208451 5034
2 0.431728 0.476877 0.0556646 0.0459204 5075
2 0.444803 0.441618 0.0387329 0.0265051 5091
2 0.368978 0.437085 0.0225628 0.0242609 5340
2 0.352079 0.431807 0.016617 0.0213129 5372
2 0.339585 0.426642 0.0135172 0.0177199 5443
2 0.324755 0.418655 0.0163065 0.0213515 5439
2 0.396707 0.432064 0.024821 0.02162 5472
2 0.714027 0.445058 0.0592784 0.0378963 5547
2 0.846115 0.468795 0.0683842 0.0458581 5598
2 0.28189 0.523069 0.0675307 0.054991 5599
2 0.894942 0.696316 0.168967 0.118632 5601
2 0.741587 0.474229 0.0483073 0.0430687 5603
2 0.923905 0.474837 0.0478218 0.0402417 5607
