2 0.463163 0.420002 0.0213559 0.0229911 5034
2 0.415274 0.486521 0.0605906 0.0490811 5075
2 0.434373 0.448586 0.0442401 0.0287428 5091
2 0.369058 0.436835 0.0226384 0.0243131 5340
2 0.352001 0.431618 0.0166439 0.0213911 5372
2 0.339367 0.426312 0.0135475 0.0178092 5443
2 0.324797 0.418626 0.0161221 0.0210078 5439
2 0.396373 0.431778 0.0243068 0.0211723 5472
2 0.714366 0.445628 0.060913 0.0388914 5547
2 0.725299 0.431144 0.0293015 0.0215124 5593
2 0.851462 0.469342 0.0667948 0.0459573 5598
2 0.249948 0.535508 0.0631054 0.0540356 5599
2 0.781918 0.685907 0.156824 0.115992 5601
2 0.764161 0.478061 0.0484151 0.0449215 5603
2 0.212459 0.597786 0.082755 0.0928446 5605
2 0.949478 0.479426 0.0442292 0.0401188 5607
