2 0.500847 0.41813 0.0198629 0.0237924 4977
2 0.455803 0.433015 0.0297475 0.0276701 5034
2 0.366341 0.515893 0.0757983 0.05848 5075
2 0.393181 0.471894 0.0631153 0.0365751 5091
2 0.36892 0.437475 0.0227584 0.0243571 5340
2 0.351842 0.431832 0.0170258 0.0217329 5372
2 0.339107 0.427102 0.0138369 0.0180024 5443
2 0.324707 0.419131 0.016495 0.0212808 5439
2 0.396632 0.432616 0.024782 0.0218238 5472
2 0.713819 0.447681 0.0586948 0.0373619 5547
2 0.737594 0.43893 0.0378337 0.0289462 5593
2 0.870334 0.473825 0.0571494 0.0433572 5598
2 0.159224 0.586075 0.0724678 0.0807915 5599
2 0.535779 0.695323 0.145522 0.122769 5601
2 0.850879 0.496821 0.0454922 0.0482526 5603
0 0.608288 0.42932 0.00867666 0.0285132 5604
2 0.061519 0.687364 0.0848299 0.112952 5605
