2 0.500131 0.415017 0.0186836 0.0229464 4977
2 0.458998 0.428752 0.0283944 0.0270946 5034
2 0.377448 0.509101 0.0723887 0.0564152 5075
2 0.402873 0.466037 0.0586919 0.0347713 5091
2 0.369156 0.436934 0.0225629 0.0241596 5340
2 0.352227 0.431445 0.0169172 0.0215835 5372
2 0.339466 0.426464 0.0138686 0.0180756 5443
2 0.325078 0.418667 0.0163591 0.0211167 5439
2 0.396922 0.432234 0.0247167 0.0217507 5472
2 0.714163 0.446845 0.0583755 0.0370685 5547
2 0.735248 0.436743 0.0363034 0.0280962 5593
2 0.867003 0.472605 0.0607354 0.0449897 5598
2 0.178341 0.576753 0.072554 0.0766404 5599
2 0.580449 0.690012 0.146803 0.121415 5601
2 0.830369 0.491786 0.0469074 0.0482899 5603
0 0.606826 0.428369 0.00852159 0.0283307 5604
2 0.0831237 0.669808 0.087384 0.113209 5605
