2 0.469977 0.45227 0.041426 0.0369247 5075
2 0.461706 0.423358 0.0263817 0.0219589 5091
2 0.369367 0.437401 0.0228649 0.0243815 5340
2 0.35192 0.431886 0.0171758 0.0216938 5372
2 0.33946 0.42687 0.0137589 0.0177654 5443
2 0.324779 0.419225 0.0159145 0.0209266 5439
2 0.39639 0.432333 0.024434 0.0212568 5472
2 0.713939 0.445312 0.0595982 0.0360242 5547
2 0.847508 0.467822 0.0723686 0.0454133 5598
2 0.361346 0.484364 0.0604536 0.0456723 5599
2 0.701497 0.466879 0.0501178 0.0416334 5603
2 0.873801 0.46392 0.0500121 0.0392776 5607
0 0.996477 0.456492 0.00592295 0.0353976 5610
2 0.371442 0.509315 0.0621428 0.0628554 5605
2 0.0548658 0.641728 0.08168 0.0797172 5611
