2 0.487334 0.439486 0.0326393 0.0320937 5075
2 0.459133 0.41548 0.020262 0.0186913 5091
2 0.369301 0.437423 0.0227317 0.0242062 5340
2 0.351995 0.431893 0.0166895 0.0212794 5372
2 0.339919 0.426848 0.0135528 0.0177017 5443
2 0.324928 0.418752 0.0163109 0.021571 5439
2 0.396355 0.432407 0.0243636 0.021139 5472
2 0.71462 0.446646 0.0621352 0.0385475 5547
2 0.839632 0.468433 0.0745309 0.0457163 5598
2 0.399843 0.464912 0.0518191 0.0395683 5599
2 0.688112 0.464461 0.0505124 0.040986 5603
2 0.418642 0.481402 0.0549605 0.0516476 5605
2 0.206139 0.56525 0.0680911 0.0625704 5611
0 0.558217 0.479877 0.0106988 0.0430793 5613
0 0.577473 0.439618 0.00643024 0.0332612 5614
