2 0.460912 0.415501 0.017454 0.0199073 5034
2 0.439168 0.472503 0.0534006 0.0444411 5075
2 0.449089 0.438203 0.0363709 0.0255903 5091
2 0.36897 0.437104 0.0223705 0.0240143 5340
2 0.351933 0.431684 0.0167915 0.0214695 5372
2 0.339371 0.426584 0.0137582 0.0179212 5443
2 0.32462 0.418898 0.0161394 0.0211435 5439
2 0.396604 0.432201 0.0248043 0.0216369 5472
2 0.713868 0.444233 0.0551758 0.0348712 5547
2 0.843581 0.468953 0.0685715 0.0455317 5598
2 0.29674 0.516119 0.0672915 0.0538848 5599
2 0.935677 0.700492 0.159437 0.113376 5601
2 0.731702 0.472473 0.0485095 0.0425089 5603
2 0.915334 0.472665 0.0493042 0.0405844 5607
