2 0.499752 0.416339 0.0180352 0.0235175 5075
2 0.427817 0.40483 0.017092 0.0156532 5091
2 0.369312 0.436611 0.0225826 0.0241673 5340
2 0.352183 0.43102 0.0169761 0.0218213 5372
2 0.339494 0.426423 0.0132454 0.0172821 5443
2 0.324792 0.418716 0.0156438 0.0206504 5439
2 0.396634 0.431649 0.0248128 0.021565 5472
2 0.715363 0.445835 0.0593125 0.0382768 5547
2 0.840249 0.468205 0.0721979 0.0450494 5598
2 0.457006 0.432588 0.0340027 0.0299121 5599
2 0.681226 0.461032 0.047628 0.0389949 5603
2 0.482151 0.439732 0.0359008 0.0350011 5605
2 0.386057 0.474024 0.0490246 0.0391947 5611
0 0.565135 0.522445 0.0137361 0.0585989 5613
0 0.558829 0.449242 0.00740738 0.0349187 5614
2 0.81615 0.453744 0.0455343 0.0266164 5607
