2 0.500513 0.424525 0.0236798 0.0281084 5075
2 0.443868 0.408472 0.0182333 0.0171025 5091
2 0.368969 0.436759 0.0224924 0.0241086 5340
2 0.351924 0.431608 0.0168537 0.0215734 5372
2 0.339222 0.426552 0.0134898 0.0175392 5443
2 0.324577 0.418547 0.0159812 0.0213014 5439
2 0.396436 0.43189 0.0245462 0.0212507 5472
2 0.7151 0.446083 0.0602539 0.038356 5547
2 0.839273 0.468736 0.0714801 0.0442089 5598
2 0.435883 0.445321 0.0411468 0.0338162 5599
2 0.681468 0.462722 0.0500873 0.0406146 5603
2 0.461126 0.455005 0.0451315 0.0414983 5605
2 0.327896 0.504658 0.0555621 0.046229 5611
0 0.55617 0.501598 0.0124043 0.0513609 5613
0 0.568332 0.445155 0.00691948 0.0332606 5614
2 0.818621 0.453632 0.0401629 0.0257963 5607
