2 0.500092 0.418661 0.0195621 0.0250557 5075
2 0.431955 0.406588 0.0169631 0.0156347 5091
2 0.369191 0.437083 0.0226463 0.0242525 5340
2 0.351892 0.431701 0.0166584 0.021502 5372
2 0.339762 0.426553 0.0135427 0.0175856 5443
2 0.324826 0.419295 0.0153568 0.0202863 5439
2 0.396381 0.432052 0.0244871 0.0212324 5472
2 0.715191 0.446318 0.0592538 0.0381185 5547
2 0.839921 0.468576 0.0719919 0.0447985 5598
2 0.452965 0.436062 0.0356564 0.0307229 5599
2 0.680809 0.461631 0.0480726 0.0392911 5603
2 0.474526 0.443742 0.0370099 0.0358304 5605
2 0.373479 0.481296 0.0505523 0.0406613 5611
0 0.56246 0.518543 0.0138906 0.0593084 5613
0 0.561573 0.448522 0.00719458 0.0352218 5614
2 0.816396 0.454052 0.044437 0.0264147 5607
