2 0.497226 0.433412 0.0287467 0.0304866 5075
2 0.45406 0.413123 0.018704 0.0176241 5091
2 0.369322 0.437515 0.0227945 0.0243644 5340
2 0.351932 0.432112 0.0169755 0.0217268 5372
2 0.339805 0.427132 0.0135167 0.0175724 5443
2 0.324839 0.418767 0.016734 0.0222185 5439
2 0.396754 0.432586 0.0249228 0.0215994 5472
2 0.715046 0.44681 0.0609667 0.0382606 5547
2 0.839392 0.468723 0.0731658 0.045103 5598
2 0.415532 0.456719 0.0486909 0.0382155 5599
2 0.684616 0.464132 0.0507266 0.0409811 5603
2 0.438442 0.469964 0.0515974 0.0477371 5605
2 0.263851 0.537162 0.0619592 0.0546501 5611
0 0.555546 0.487657 0.0114632 0.0465335 5613
0 0.571816 0.44264 0.00687326 0.0341502 5614
2 0.825064 0.454384 0.0345777 0.0254298 5607
