2 0.499095 0.414632 0.0170648 0.0226628 5075
2 0.42391 0.404688 0.0170304 0.0154202 5091
2 0.369181 0.436784 0.0225524 0.0241571 5340
2 0.351822 0.431384 0.0169017 0.0218088 5372
2 0.33957 0.426416 0.0132194 0.0171914 5443
2 0.324802 0.418936 0.0153311 0.0201361 5439
2 0.396657 0.431806 0.0248122 0.0216174 5472
2 0.715191 0.445842 0.0593483 0.0384271 5547
2 0.840281 0.468266 0.0718808 0.0449206 5598
2 0.459914 0.429675 0.0320921 0.028834 5599
2 0.679101 0.46108 0.0479919 0.0388084 5603
2 0.486759 0.437015 0.0343374 0.0338365 5605
2 0.397409 0.468592 0.046345 0.0367957 5611
0 0.56868 0.527544 0.0140201 0.0599211 5613
0 0.557112 0.445751 0.00573718 0.0264299 5614
2 0.816503 0.453882 0.0466735 0.0268392 5607
