2 0.397207 0.398263 0.0149851 0.0131921 5091
2 0.369677 0.434812 0.0223208 0.0236144 5340
2 0.352054 0.429526 0.0167894 0.0216239 5372
2 0.340414 0.424487 0.0143936 0.0183066 5443
2 0.324769 0.417112 0.0157275 0.0206364 5439
2 0.396116 0.429737 0.0250416 0.0218793 5472
2 0.715465 0.442722 0.0594458 0.0393704 5547
2 0.841137 0.46561 0.0711274 0.0445571 5598
2 0.461936 0.412165 0.0205712 0.022116 5599
2 0.679531 0.458878 0.050061 0.0396537 5603
2 0.500759 0.415632 0.0210549 0.0261206 5605
2 0.450701 0.436411 0.0328113 0.0268306 5611
2 0.817613 0.451031 0.0496628 0.026668 5607
1 0.525773 0.489483 0.0160806 0.0255983 5623
2 0.971662 0.481153 0.0380049 0.0426349 5627
0 0.54339 0.457675 0.00978572 0.0407907 5629
2 0.478097 0.404588 0.0165827 0.018736 5608
1 0.560404 0.469711 0.0122157 0.0239083 5634
0 0.559677 0.458198 0.00982526 0.0322892 5604
