2 0.388012 0.397049 0.0141272 0.0124926 5091
2 0.369869 0.434558 0.0225391 0.02363 5340
2 0.351957 0.429418 0.0170512 0.0217341 5372
2 0.343475 0.423189 0.0162405 0.0197836 5443
2 0.324655 0.417219 0.0154641 0.020023 5439
2 0.396151 0.429757 0.0248204 0.0217143 5472
2 0.715282 0.442358 0.0596298 0.0397797 5547
2 0.841246 0.465467 0.0710763 0.044395 5598
2 0.45597 0.407928 0.0185433 0.0198558 5599
2 0.681273 0.45886 0.050888 0.0401442 5603
2 0.49852 0.409806 0.0182858 0.0243931 5605
2 0.459774 0.427075 0.0275572 0.0241219 5611
2 0.816804 0.45105 0.049091 0.0259497 5607
1 0.509715 0.495753 0.0178994 0.0275993 5623
2 0.961803 0.478402 0.0427235 0.0421586 5627
0 0.534246 0.46011 0.00945069 0.0386436 5629
2 0.467329 0.400971 0.0162608 0.0175587 5608
1 0.549658 0.476319 0.0125956 0.0245719 5634
0 0.549759 0.46267 0.0104989 0.0313859 5604
2 0.392105 0.471773 0.0477851 0.0364358 5639
0 0.510688 0.481218 0.0133842 0.0382163 5643
