2 0.403754 0.401059 0.0150013 0.0131723 5091
2 0.368567 0.43598 0.0224225 0.0239705 5340
2 0.351384 0.431025 0.0164236 0.021269 5372
2 0.338807 0.426 0.0137564 0.0177066 5443
2 0.324388 0.418107 0.0162017 0.0213507 5439
2 0.396281 0.43095 0.0253128 0.0221239 5472
2 0.71489 0.444487 0.0596655 0.0392808 5547
2 0.840486 0.46723 0.0715473 0.0447987 5598
2 0.464313 0.41721 0.0226221 0.0235015 5599
2 0.679283 0.460552 0.0496537 0.0398249 5603
2 0.501306 0.421143 0.0239237 0.0283112 5605
2 0.44007 0.445166 0.0366583 0.0291844 5611
0 0.594021 0.564341 0.0170319 0.0753593 5613
2 0.816309 0.452877 0.049421 0.0269311 5607
1 0.536355 0.485338 0.016124 0.0259559 5623
2 0.980092 0.483742 0.0332114 0.0384791 5627
0 0.546939 0.455719 0.00903873 0.0375636 5629
2 0.484514 0.407097 0.0154528 0.0180612 5608
