2 0.369088 0.435545 0.0230006 0.0239689 5340
2 0.351804 0.430034 0.0170817 0.02177 5372
2 0.341597 0.423462 0.0164605 0.0201805 5443
2 0.324641 0.417863 0.015989 0.0202859 5439
2 0.396203 0.430493 0.0247885 0.02169 5472
2 0.715279 0.44432 0.0576988 0.0387168 5547
2 0.841913 0.467247 0.0707455 0.0439367 5598
2 0.441121 0.402663 0.0200423 0.0208305 5599
2 0.68124 0.459959 0.0497684 0.0397296 5603
2 0.479603 0.405182 0.0162115 0.0191895 5605
2 0.46392 0.416201 0.019358 0.0195733 5611
2 0.818416 0.452598 0.052345 0.0269644 5607
1 0.482545 0.510678 0.0199128 0.0306877 5623
2 0.948737 0.47707 0.0541966 0.0408977 5627
0 0.51901 0.468124 0.0102379 0.0423017 5629
2 0.44966 0.3972 0.0134292 0.0145966 5608
1 0.530782 0.488681 0.0138655 0.0269647 5634
0 0.53172 0.475591 0.0120836 0.036226 5604
2 0.449559 0.441983 0.0339687 0.0264261 5639
2 0.083591 0.819493 0.111133 0.13112 5649
0 0.675244 0.724002 0.0260406 0.0946856 5650
