2 0.368827 0.435452 0.0230949 0.0241339 5340
2 0.351665 0.429718 0.0174977 0.02297 5372
2 0.341253 0.422384 0.0162495 0.0205419 5443
2 0.324502 0.417782 0.0160024 0.0202138 5439
2 0.396207 0.430071 0.0242079 0.0211567 5472
2 0.71508 0.444105 0.0573737 0.0386076 5547
2 0.840869 0.466767 0.0719968 0.0447823 5598
2 0.427142 0.398851 0.0188507 0.0199119 5599
2 0.679387 0.459766 0.0505678 0.0398842 5603
2 0.463931 0.39999 0.0149874 0.0158609 5605
2 0.45481 0.409674 0.0167091 0.0172152 5611
2 0.817435 0.452267 0.0524024 0.0267662 5607
1 0.465047 0.519022 0.0227755 0.0338252 5623
2 0.942552 0.475537 0.0628614 0.0410913 5627
2 0.434393 0.393851 0.0117673 0.0135151 5608
1 0.512703 0.498348 0.0156309 0.028771 5634
2 0.465714 0.425413 0.0264274 0.0222889 5639
2 0.18463 0.785009 0.133344 0.1353 5649
0 0.713071 0.868404 0.0296019 0.103463 5650
0 0.464885 0.504283 0.0138172 0.0470952 5653
