2 0.369395 0.434797 0.022822 0.0237907 5340
2 0.352122 0.429481 0.0170715 0.0215624 5372
2 0.341802 0.422846 0.0164891 0.0200807 5443
2 0.324807 0.417407 0.0154257 0.0196066 5439
2 0.396483 0.429661 0.0248322 0.0217354 5472
2 0.715452 0.442657 0.0585873 0.0393017 5547
2 0.84125 0.465486 0.0708399 0.0442043 5598
2 0.450601 0.402504 0.0232575 0.0239981 5599
2 0.682706 0.458917 0.0496014 0.0397169 5603
2 0.487617 0.406156 0.0162978 0.0204231 5605
2 0.464518 0.419509 0.0224286 0.0214268 5611
2 0.817105 0.451325 0.0500798 0.0261191 5607
1 0.493734 0.504693 0.0203856 0.0313609 5623
2 0.954097 0.476303 0.0494756 0.0411819 5627
0 0.525959 0.463581 0.0097297 0.040853 5629
2 0.455528 0.397982 0.0152134 0.0159577 5608
1 0.539131 0.483011 0.0134319 0.0262443 5634
0 0.539765 0.469074 0.0111243 0.0320955 5604
2 0.432395 0.450994 0.0390708 0.0300104 5639
2 0.0541433 0.826401 0.0886431 0.107136 5649
