2 0.369025 0.435805 0.022986 0.0241307 5340
2 0.351832 0.430427 0.0169693 0.0217497 5372
2 0.339776 0.425313 0.0144384 0.0182795 5443
2 0.324819 0.418134 0.0159108 0.0203222 5439
2 0.396121 0.430817 0.0245188 0.0213173 5472
2 0.715289 0.443639 0.0579819 0.0393281 5547
2 0.840752 0.466657 0.0713707 0.0446201 5598
2 0.402112 0.394341 0.0148853 0.0152994 5599
2 0.681177 0.459625 0.0507228 0.0400105 5603
2 0.429938 0.393711 0.0125924 0.0117287 5605
2 0.424139 0.400042 0.0146145 0.0137922 5611
2 0.818214 0.451639 0.05486 0.0279236 5607
2 0.943133 0.475039 0.0744952 0.0413541 5627
2 0.44395 0.713918 0.15156 0.128362 5649
0 0.457017 0.526325 0.0148802 0.0537194 5653
2 0.448529 0.408115 0.0126379 0.0153624 5656
0 0.476364 0.509468 0.0235553 0.0440444 5659
2 0.0523119 0.829558 0.0518113 0.103131 5660
