2 0.368887 0.435699 0.0230305 0.0240464 5340
2 0.351683 0.430164 0.0170183 0.0222376 5372
2 0.339991 0.424819 0.0148455 0.0185231 5443
2 0.324619 0.417772 0.0163568 0.0206131 5439
2 0.396242 0.430641 0.024316 0.0211892 5472
2 0.715114 0.443871 0.0577007 0.0389442 5547
2 0.840998 0.466734 0.071273 0.0443223 5598
2 0.422152 0.397685 0.0182773 0.018908 5599
2 0.680603 0.459837 0.0507289 0.0400217 5603
2 0.455691 0.398314 0.015764 0.015841 5605
2 0.44855 0.407228 0.0160043 0.0162671 5611
2 0.817346 0.452244 0.0517395 0.0263554 5607
1 0.458479 0.523651 0.0244816 0.0375218 5623
2 0.942462 0.475161 0.0665875 0.0413186 5627
0 0.502756 0.508716 0.0206745 0.0382015 5634
2 0.249783 0.766611 0.144589 0.137143 5649
0 0.733017 0.960681 0.0257872 0.0802741 5650
0 0.457646 0.509355 0.0139454 0.0475022 5653
0 0.848873 0.428486 0.00933863 0.0315802 5655
0 0.504268 0.48197 0.0196498 0.0582399 5643
