2 0.368783 0.435668 0.0226453 0.0238551 5340
2 0.351699 0.430291 0.0173733 0.0223585 5372
2 0.338971 0.425094 0.0147752 0.0187577 5443
2 0.324701 0.41828 0.015859 0.0202302 5439
2 0.396143 0.430689 0.024714 0.0214681 5472
2 0.714992 0.443431 0.0581783 0.039532 5547
2 0.840389 0.466696 0.0708246 0.0442391 5598
2 0.396486 0.393628 0.0136413 0.0139705 5599
2 0.681194 0.45986 0.0510811 0.0402629 5603
2 0.422368 0.393248 0.0114142 0.0100929 5605
2 0.417353 0.398276 0.0145937 0.0138076 5611
2 0.817579 0.451931 0.0524219 0.0265721 5607
2 0.942829 0.475164 0.0755267 0.0411112 5627
2 0.470028 0.707169 0.152961 0.127798 5649
2 0.441351 0.405192 0.0128295 0.0150503 5656
2 0.0889428 0.819058 0.072133 0.129572 5660
0 0.4756 0.488339 0.0113585 0.0455775 5629
