2 0.368515 0.43675 0.0226212 0.0240323 5340
2 0.351496 0.431296 0.0171444 0.0219045 5372
2 0.338402 0.42621 0.0141617 0.0181189 5443
2 0.324375 0.418807 0.0161141 0.0206998 5439
2 0.396289 0.432121 0.024806 0.0215112 5472
2 0.714542 0.445517 0.0569347 0.0384623 5547
2 0.840064 0.46836 0.0712535 0.0446271 5598
2 0.374033 0.390564 0.0127636 0.012861 5599
2 0.680157 0.4614 0.0504803 0.0396829 5603
2 0.394131 0.392529 0.0130704 0.0132456 5611
2 0.817605 0.453508 0.0531113 0.0271203 5607
2 0.942427 0.477134 0.0797791 0.0411798 5627
2 0.607113 0.681626 0.146571 0.118161 5649
2 0.407497 0.397965 0.0123475 0.012229 5656
2 0.291205 0.753113 0.138854 0.133276 5660
0 0.4471 0.509549 0.0134934 0.0566219 5629
1 0.496796 0.546812 0.0269332 0.0341792 5665
0 0.493476 0.53587 0.0194451 0.0594438 5604
0 0.786412 0.879355 0.0912125 0.112552 5669
0 0.467512 0.522514 0.0135721 0.048279 5673
