2 0.368721 0.436372 0.0225391 0.0239577 5340
2 0.351827 0.4309 0.0170232 0.0217176 5372
2 0.339254 0.426164 0.0139297 0.0177779 5443
2 0.324674 0.418532 0.0161383 0.0206488 5439
2 0.396609 0.431698 0.0247221 0.0213957 5472
2 0.715088 0.44466 0.0572676 0.0387513 5547
2 0.840564 0.467344 0.0711599 0.0445831 5598
2 0.377309 0.390231 0.0135399 0.0135378 5599
2 0.681648 0.460331 0.0500889 0.0395659 5603
2 0.395972 0.392446 0.0141677 0.0140179 5611
2 0.817675 0.452785 0.0536846 0.0274844 5607
2 0.9431 0.476159 0.0790722 0.0409038 5627
2 0.5817 0.692224 0.165816 0.13639 5649
2 0.410917 0.398175 0.0122417 0.0122962 5656
2 0.276557 0.756256 0.134953 0.1343 5660
0 0.450197 0.507641 0.0137335 0.0559724 5629
1 0.494923 0.545632 0.0273656 0.03529 5665
0 0.490863 0.534764 0.0190838 0.0581102 5604
0 0.79731 0.894204 0.0950541 0.114585 5669
0 0.466936 0.520704 0.0137078 0.0484569 5673
