2 0.368892 0.435513 0.0226458 0.0238991 5340
2 0.351636 0.430039 0.0171204 0.0220031 5372
2 0.339056 0.424939 0.0147461 0.018721 5443
2 0.324618 0.417751 0.0161494 0.0206079 5439
2 0.39631 0.429822 0.0242632 0.0210775 5472
2 0.715105 0.443558 0.0578062 0.0392917 5547
2 0.840964 0.466646 0.0709141 0.0442129 5598
2 0.393686 0.392172 0.0145079 0.0149495 5599
2 0.680743 0.459631 0.0510092 0.0401526 5603
2 0.420135 0.392047 0.0127963 0.0112098 5605
2 0.414477 0.397295 0.0142855 0.0135154 5611
2 0.817664 0.452063 0.0535762 0.0272301 5607
2 0.942992 0.475314 0.075943 0.0409715 5627
2 0.480699 0.704773 0.153524 0.12774 5649
2 0.437984 0.403777 0.0127763 0.0146987 5656
2 0.106162 0.810959 0.0829875 0.137801 5660
0 0.473012 0.48986 0.0115895 0.0438518 5629
