2 0.367937 0.436284 0.0229843 0.0241139 5340
2 0.35011 0.431002 0.0162586 0.0215177 5372
2 0.338063 0.425963 0.0141554 0.0178574 5443
2 0.323547 0.418135 0.0157273 0.0202312 5439
2 0.395193 0.431098 0.0249507 0.0219029 5472
2 0.713826 0.444938 0.0576516 0.0386762 5547
2 0.839023 0.467812 0.0711233 0.0445828 5598
2 0.680401 0.461239 0.0502631 0.0399184 5603
2 0.81661 0.453275 0.0534948 0.0270685 5607
2 0.941391 0.476792 0.0811227 0.041075 5627
2 0.518708 0.702895 0.153034 0.123412 5660
0 0.445585 0.530856 0.0148575 0.0650273 5629
1 0.506957 0.554811 0.0281285 0.0372357 5665
0 0.50715 0.537533 0.0197856 0.0577766 5604
0 0.74109 0.841839 0.0713182 0.129286 5669
0 0.473452 0.528838 0.0140689 0.0524675 5673
2 0.489225 0.428277 0.0222556 0.0305111 5659
1 0.474367 0.546637 0.0183027 0.0372724 5684
2 0.0923945 0.79155 0.130684 0.143652 5686
2 0.0937013 0.854376 0.181323 0.27296 5687
1 0.747317 0.879354 0.0722698 0.108431 5680
