2 0.368112 0.436534 0.0229361 0.0241749 5340
2 0.350515 0.431258 0.016662 0.021708 5372
2 0.337885 0.426092 0.0140506 0.0178274 5443
2 0.32382 0.418199 0.0159251 0.02061 5439
2 0.395448 0.431733 0.024569 0.0213736 5472
2 0.714046 0.445311 0.0574183 0.0385837 5547
2 0.839359 0.468134 0.0709413 0.0443562 5598
2 0.680292 0.4612 0.0501197 0.0393633 5603
2 0.817106 0.453359 0.0527957 0.0268372 5607
2 0.9419 0.47692 0.0811942 0.0413747 5627
2 0.815249 0.685752 0.161255 0.116764 5649
2 0.409869 0.723886 0.152353 0.127719 5660
0 0.440997 0.522611 0.0141944 0.0612244 5629
1 0.504573 0.551309 0.0285102 0.03542 5665
0 0.504655 0.535685 0.0199283 0.0584647 5604
0 0.746834 0.854518 0.0810018 0.121993 5669
0 0.472469 0.528107 0.0144325 0.052844 5673
1 0.75324 0.894144 0.0744247 0.109816 5680
2 0.464712 0.448155 0.0245125 0.0348324 5659
1 0.473646 0.545128 0.0183327 0.036644 5684
3 0.753688 0.893133 0.0644013 0.108644 5685
