2 0.368721 0.435905 0.0228035 0.0242553 5340
2 0.351145 0.430828 0.0169945 0.0218834 5372
2 0.338943 0.425735 0.0140602 0.0178488 5443
2 0.324424 0.418342 0.0161926 0.0209104 5439
2 0.396345 0.431294 0.0250529 0.0216753 5472
2 0.714801 0.444439 0.0573031 0.0386534 5547
2 0.840601 0.467086 0.0711346 0.0445136 5598
2 0.371726 0.389014 0.0126956 0.0124609 5599
2 0.679736 0.460182 0.0505992 0.0395601 5603
2 0.389748 0.390684 0.0128161 0.0133959 5611
2 0.817327 0.452623 0.0525688 0.0268098 5607
2 0.942635 0.475646 0.0806026 0.0414423 5627
2 0.665502 0.672765 0.140218 0.108869 5649
2 0.40155 0.39589 0.0117392 0.0113788 5656
2 0.323758 0.743812 0.145968 0.132324 5660
0 0.443291 0.514099 0.0144698 0.058526 5629
1 0.500378 0.546057 0.028347 0.0353106 5665
0 0.499005 0.534775 0.0197253 0.0589514 5604
0 0.766691 0.858985 0.0894453 0.11621 5669
0 0.469283 0.523765 0.0141117 0.0508804 5673
2 0.418423 0.478111 0.0513774 0.0451144 5679
1 0.768565 0.914156 0.0770445 0.111926 5680
