2 0.368189 0.436532 0.0229236 0.024089 5340
2 0.350558 0.431245 0.0165312 0.0216446 5372
2 0.337857 0.426088 0.0140943 0.0178408 5443
2 0.32378 0.418373 0.0155699 0.0201146 5439
2 0.395503 0.431684 0.0246854 0.0215126 5472
2 0.714013 0.445323 0.0571845 0.0383961 5547
2 0.839297 0.468134 0.0711515 0.0444809 5598
2 0.680597 0.461013 0.0498274 0.0391941 5603
2 0.817097 0.453418 0.0530642 0.0269329 5607
2 0.941681 0.476982 0.0806818 0.0410208 5627
2 0.868081 0.69441 0.168829 0.119988 5649
2 0.434707 0.718713 0.152156 0.125919 5660
0 0.442236 0.524835 0.014405 0.0615822 5629
1 0.505207 0.551628 0.0292054 0.0366881 5665
0 0.505088 0.535653 0.0198205 0.057828 5604
0 0.745657 0.853437 0.0785923 0.12441 5669
0 0.473082 0.529211 0.0146979 0.0541296 5673
2 0.470857 0.442873 0.022823 0.0323159 5659
1 0.474442 0.545635 0.0184387 0.0369214 5684
1 0.753168 0.892127 0.0644503 0.108783 5685
