2 0.368263 0.436622 0.0231344 0.0242507 5340
2 0.351041 0.431287 0.0161259 0.0213355 5372
2 0.341701 0.423907 0.0166354 0.0205517 5443
2 0.323742 0.419034 0.0158174 0.0201331 5439
2 0.395704 0.431853 0.0245804 0.0216773 5472
2 0.714127 0.445628 0.057393 0.0384682 5547
2 0.839623 0.468524 0.0705505 0.0442218 5598
2 0.680797 0.461968 0.0500123 0.0398815 5603
2 0.816354 0.454083 0.0528804 0.0267108 5607
2 0.941983 0.477405 0.0810783 0.0408709 5627
2 0.699609 0.679449 0.13478 0.107284 5660
0 0.45251 0.538476 0.0147481 0.066781 5629
1 0.508569 0.558067 0.0253455 0.0371126 5665
0 0.508842 0.537844 0.0188251 0.0562849 5604
0 0.726822 0.824966 0.0562592 0.117232 5669
0 0.47497 0.53086 0.0142855 0.0539556 5673
1 0.47576 0.548027 0.0174548 0.0372212 5684
2 0.258166 0.736759 0.156538 0.150839 5686
1 0.73385 0.862376 0.0681209 0.106222 5680
