2 0.368315 0.435921 0.0227639 0.0238625 5340
2 0.350763 0.430678 0.0162959 0.0215623 5372
2 0.339654 0.425253 0.0153255 0.0190372 5443
2 0.324054 0.418025 0.0159174 0.0204629 5439
2 0.395565 0.430383 0.0241226 0.021131 5472
2 0.714505 0.444383 0.057032 0.0382165 5547
2 0.840326 0.467069 0.0709653 0.0444349 5598
2 0.680043 0.460408 0.0507498 0.0402149 5603
2 0.816861 0.45284 0.0521531 0.0263249 5607
2 0.942327 0.475939 0.0810761 0.0410071 5627
2 0.54197 0.697257 0.150671 0.122649 5660
0 0.446669 0.532272 0.0148608 0.0657019 5629
1 0.507787 0.555445 0.0278221 0.0375655 5665
0 0.508144 0.5366 0.019311 0.056601 5604
0 0.738629 0.834785 0.0675573 0.127032 5669
0 0.473939 0.529621 0.0142772 0.0537233 5673
2 0.494731 0.423746 0.0185465 0.0264604 5659
1 0.475594 0.546332 0.0179879 0.0369678 5684
2 0.109155 0.782532 0.139585 0.149798 5686
2 0.107938 0.848864 0.187265 0.28085 5687
1 0.744314 0.874596 0.0723149 0.109215 5680
1 0.864265 0.976843 0.0950803 0.0438663 5688
