2 0.3683 0.436851 0.0230049 0.0240751 5340
2 0.350887 0.431401 0.0163113 0.0215882 5372
2 0.339394 0.4255 0.0150684 0.0187037 5443
2 0.323749 0.418815 0.0156854 0.0200347 5439
2 0.395733 0.431892 0.0244433 0.0214964 5472
2 0.714077 0.44592 0.0575061 0.0385355 5547
2 0.839487 0.468889 0.0708317 0.0443603 5598
2 0.681558 0.462107 0.0491002 0.0392764 5603
2 0.816883 0.454017 0.0529727 0.0267182 5607
2 0.94195 0.477908 0.0814222 0.041029 5627
2 0.732543 0.681026 0.14432 0.112842 5660
0 0.45314 0.54085 0.0147621 0.0680639 5629
1 0.508608 0.558337 0.0251046 0.0374685 5665
0 0.509244 0.537772 0.0184899 0.0557626 5604
0 0.726092 0.824783 0.0542456 0.116318 5669
0 0.474709 0.531174 0.0142349 0.0540405 5673
1 0.475603 0.547857 0.0176265 0.0380844 5684
2 0.303493 0.723425 0.15907 0.150762 5686
1 0.732917 0.860147 0.0702656 0.110764 5680
