2 0.368401 0.435951 0.0229612 0.0239713 5340
2 0.351293 0.430878 0.0165083 0.0214744 5372
2 0.339303 0.425424 0.0151715 0.0184266 5443
2 0.324036 0.418245 0.0158042 0.0202597 5439
2 0.395671 0.431169 0.0245948 0.0215183 5472
2 0.700613 0.442709 0.0552773 0.036246 5547
2 0.837748 0.462915 0.0585685 0.0335789 5598
2 0.680907 0.461059 0.0484755 0.0386662 5603
2 0.816794 0.453349 0.0523784 0.0261094 5607
2 0.949104 0.476672 0.0832954 0.0406786 5627
0 0.454352 0.54847 0.0145332 0.0704449 5629
1 0.508637 0.556937 0.0216421 0.0384153 5665
0 0.508975 0.538147 0.0176946 0.0574046 5604
0 0.726237 0.824604 0.0421704 0.118448 5669
0 0.474884 0.530501 0.014057 0.0539139 5673
1 0.475875 0.546214 0.0162632 0.0370048 5684
2 0.964773 0.636133 0.135556 0.112482 5686
2 0.433117 0.39354 0.014201 0.0150995 5690
3 0.838344 0.943275 0.133352 0.107323 5688
1 0.733043 0.856814 0.0628676 0.109913 5685
1 0.824472 0.919678 0.0445513 0.0589974 5694
2 0.315946 0.744428 0.139954 0.13715 5687
0 0.836978 0.941394 0.0673865 0.102755 5695
2 0.881406 0.492092 0.0621502 0.0684015 5689
