2 0.368266 0.435748 0.0228922 0.0239412 5340
2 0.351061 0.430795 0.0166641 0.021742 5372
2 0.338312 0.425708 0.0143339 0.0178867 5443
2 0.32383 0.417986 0.0154659 0.0197341 5439
2 0.39554 0.43081 0.024925 0.0218546 5472
2 0.703918 0.443377 0.0556981 0.0367083 5547
2 0.840601 0.463984 0.0632807 0.0374943 5598
2 0.681259 0.460949 0.0477249 0.0380867 5603
2 0.81804 0.453022 0.0529472 0.0263928 5607
2 0.950846 0.475387 0.0833773 0.0391912 5627
0 0.45427 0.54851 0.0145903 0.0708745 5629
1 0.508325 0.55652 0.022226 0.0389411 5665
0 0.508884 0.537504 0.0173195 0.0558389 5604
0 0.725752 0.824484 0.0434614 0.119719 5669
0 0.47477 0.530463 0.0140556 0.054116 5673
1 0.475754 0.546273 0.0163225 0.0371634 5684
2 0.882106 0.629573 0.146812 0.116936 5686
2 0.441909 0.394932 0.0142361 0.0155974 5690
1 0.842235 0.949448 0.135827 0.0988368 5688
1 0.732685 0.857238 0.060929 0.10577 5685
1 0.828171 0.928348 0.0442931 0.0586978 5694
2 0.215257 0.774371 0.127177 0.140822 5687
