2 0.368214 0.435498 0.0229741 0.0240446 5340
2 0.351159 0.430416 0.0163537 0.0213988 5372
2 0.338254 0.425345 0.0144162 0.0180812 5443
2 0.324018 0.417807 0.0155239 0.0198817 5439
2 0.395777 0.430469 0.0244768 0.0214516 5472
2 0.707541 0.443516 0.0563675 0.0373589 5547
2 0.84281 0.466323 0.0710915 0.0438814 5598
2 0.679588 0.460883 0.0491328 0.0391321 5603
2 0.817616 0.452639 0.0531095 0.0267029 5607
2 0.948297 0.471637 0.0736337 0.0329519 5627
0 0.454231 0.547889 0.0146775 0.0710503 5629
1 0.508665 0.555852 0.0229026 0.0394239 5665
0 0.508746 0.537469 0.0174988 0.0560011 5604
0 0.726249 0.823525 0.0445985 0.119235 5669
0 0.474626 0.530628 0.014296 0.0547635 5673
1 0.475999 0.546722 0.0160822 0.036298 5684
2 0.767994 0.628046 0.1415 0.120109 5686
2 0.929102 0.50137 0.0529121 0.0726957 5689
2 0.450846 0.396876 0.0141546 0.0157612 5690
1 0.849351 0.957106 0.125599 0.082957 5688
1 0.732565 0.856615 0.0621691 0.107179 5685
2 0.104792 0.807158 0.0780785 0.138684 5691
