2 0.368269 0.436017 0.0230611 0.0240436 5340
2 0.35091 0.430874 0.0163885 0.021335 5372
2 0.338527 0.42556 0.0150248 0.018304 5443
2 0.323889 0.417995 0.0157198 0.0201306 5439
2 0.395606 0.431041 0.0248484 0.0217255 5472
2 0.699165 0.442599 0.0554422 0.036207 5547
2 0.83887 0.459913 0.0517154 0.0282419 5598
2 0.681396 0.461057 0.0481576 0.0385069 5603
2 0.816501 0.453727 0.0520854 0.0259059 5607
2 0.944693 0.476945 0.083789 0.0410014 5627
0 0.454693 0.548744 0.0145164 0.0704876 5629
1 0.508366 0.556996 0.0213838 0.0381781 5665
0 0.509192 0.537484 0.017319 0.0559477 5604
0 0.726257 0.824656 0.0416753 0.11764 5669
0 0.474548 0.530439 0.0139084 0.0537784 5673
1 0.475576 0.546417 0.0162162 0.0370036 5684
2 0.429296 0.393317 0.0137264 0.0144969 5690
1 0.836548 0.94386 0.130401 0.109397 5688
1 0.732847 0.858115 0.0608716 0.106231 5685
1 0.82113 0.917606 0.0439068 0.0583364 5694
2 0.369183 0.730289 0.145403 0.137425 5687
0 0.837486 0.939083 0.0662437 0.101259 5695
2 0.868626 0.490636 0.0666544 0.0668137 5689
