2 0.368305 0.435786 0.0231945 0.0241674 5340
2 0.350456 0.430698 0.0163329 0.021376 5372
2 0.338076 0.425496 0.0149522 0.0182953 5443
2 0.32377 0.417658 0.015815 0.0203045 5439
2 0.395558 0.430782 0.0247505 0.0216175 5472
2 0.697583 0.442256 0.0553026 0.0360091 5547
2 0.836771 0.458179 0.0489498 0.0256705 5598
2 0.681412 0.460892 0.0477149 0.038132 5603
2 0.816917 0.453139 0.053007 0.0263254 5607
2 0.943329 0.476446 0.0851325 0.0418475 5627
0 0.454281 0.548742 0.0145571 0.0704658 5629
1 0.508193 0.556913 0.0213523 0.0383419 5665
0 0.508917 0.537093 0.0172565 0.0557836 5604
0 0.726215 0.825035 0.0416649 0.117309 5669
0 0.474384 0.530221 0.0138527 0.0534972 5673
1 0.47542 0.546292 0.0161047 0.0368098 5684
2 0.4254 0.393448 0.0116751 0.0119607 5690
1 0.835227 0.944046 0.12681 0.110657 5688
1 0.724579 0.855515 0.0669824 0.113993 5685
1 0.823323 0.915982 0.0440913 0.0582855 5694
2 0.418633 0.717193 0.146748 0.134998 5687
0 0.838229 0.937746 0.0644174 0.0984988 5695
2 0.857235 0.488474 0.0707152 0.0654233 5689
