2 0.367097 0.435126 0.0232418 0.0242409 5340
2 0.349314 0.430305 0.0161549 0.021339 5372
2 0.336964 0.424675 0.015121 0.0187044 5443
2 0.322581 0.417136 0.015817 0.0203923 5439
2 0.393943 0.429517 0.0243293 0.0211718 5472
2 0.692217 0.441369 0.054542 0.0355993 5547
2 0.680893 0.460703 0.0476124 0.0386849 5603
2 0.940154 0.476453 0.0831879 0.0412886 5627
0 0.452999 0.547602 0.0148673 0.0703458 5629
1 0.506764 0.556335 0.0210733 0.0383605 5665
0 0.507199 0.536578 0.0176391 0.0549588 5604
0 0.725142 0.826585 0.0413626 0.115494 5669
0 0.47438 0.529184 0.0138728 0.0531365 5673
1 0.474811 0.545941 0.0165449 0.0373605 5684
2 0.404455 0.390006 0.0121401 0.0115972 5690
1 0.831177 0.944704 0.102533 0.10947 5688
1 0.813956 0.917149 0.0402882 0.0540322 5694
2 0.71932 0.677773 0.148665 0.125241 5687
0 0.832081 0.938164 0.0662257 0.103825 5695
2 0.721093 0.433672 0.0304675 0.0295329 5697
3 0.727282 0.854288 0.0712826 0.115655 5680
2 0.804736 0.478799 0.0870911 0.0638626 5689
1 0.729944 0.856111 0.0652236 0.112214 5685
2 0.847581 0.465426 0.0670848 0.0382472 5598
