2 0.367282 0.434691 0.0231256 0.0244256 5340
2 0.349463 0.429962 0.0162045 0.0214446 5372
2 0.337337 0.424402 0.0143328 0.0183424 5443
2 0.324029 0.418249 0.0161267 0.0203744 5439
2 0.394336 0.429949 0.0247406 0.0214469 5472
2 0.692658 0.4407 0.0548449 0.0352656 5547
2 0.681291 0.460114 0.0474202 0.038848 5603
2 0.94041 0.475629 0.0822524 0.0412799 5627
0 0.452945 0.54767 0.0145532 0.0698546 5629
1 0.509335 0.559374 0.018227 0.0395519 5665
0 0.509826 0.536686 0.0153409 0.0535358 5604
0 0.725475 0.825372 0.0394704 0.117186 5669
0 0.473373 0.528225 0.0139683 0.0523414 5673
1 0.474424 0.545567 0.0168612 0.0374847 5684
3 0.833641 0.943575 0.0819503 0.110168 5688
1 0.820332 0.915572 0.0430154 0.0579994 5694
0 0.834385 0.93917 0.0650317 0.10708 5695
2 0.720413 0.43289 0.0322198 0.0295055 5697
2 0.777661 0.474094 0.0992695 0.0605029 5689
3 0.717022 0.838292 0.0908924 0.149495 5685
2 0.846599 0.466986 0.0604638 0.0442589 5598
1 0.834213 0.94274 0.0748062 0.112576 5698
2 0.199083 0.787783 0.123754 0.153215 5699
1 0.718524 0.84225 0.0875231 0.143834 5680
