2 0.366568 0.434999 0.0229536 0.0241878 5340
2 0.349277 0.429754 0.0168164 0.0222193 5372
2 0.336819 0.424478 0.0145068 0.0187597 5443
2 0.322634 0.417606 0.0151372 0.0193613 5439
2 0.393947 0.429899 0.0249229 0.0217095 5472
2 0.69205 0.441208 0.0551713 0.0356298 5547
2 0.680263 0.460422 0.0473237 0.0384607 5603
2 0.939921 0.476037 0.0826777 0.0413993 5627
0 0.452839 0.547954 0.0145026 0.0698142 5629
1 0.507855 0.554812 0.0217934 0.043065 5665
0 0.508321 0.536039 0.0162327 0.0542942 5604
0 0.724708 0.825588 0.0418271 0.117667 5669
0 0.47388 0.528837 0.0139029 0.0530869 5673
1 0.47538 0.545585 0.0170983 0.037989 5684
1 0.834916 0.944292 0.0894908 0.109934 5688
1 0.819716 0.917513 0.0428855 0.0575432 5694
0 0.837514 0.937898 0.0650847 0.10376 5695
2 0.720009 0.433408 0.0312904 0.0294495 5697
2 0.780248 0.474762 0.0927142 0.0595528 5689
3 0.715634 0.838908 0.0883814 0.147088 5685
2 0.846613 0.467661 0.0661644 0.0446589 5598
