2 0.367157 0.434957 0.0230347 0.0243552 5340
2 0.349523 0.430113 0.0163159 0.0215927 5372
2 0.337585 0.424463 0.0144416 0.0186119 5443
2 0.324081 0.418106 0.0162841 0.0206297 5439
2 0.394427 0.429941 0.0249977 0.0216957 5472
2 0.692922 0.441039 0.0551236 0.0354019 5547
2 0.68115 0.460316 0.0476681 0.0389894 5603
2 0.940665 0.475786 0.0822069 0.0412173 5627
0 0.45321 0.547838 0.0145451 0.0698593 5629
1 0.509095 0.558901 0.0184829 0.0394728 5665
0 0.509449 0.536453 0.0151831 0.0529455 5604
0 0.725642 0.825352 0.0398273 0.117264 5669
0 0.473526 0.528271 0.0138888 0.052265 5673
1 0.474697 0.546191 0.0165134 0.0365442 5684
1 0.833818 0.943513 0.0834145 0.110825 5688
1 0.819493 0.916653 0.042886 0.0580212 5694
0 0.833667 0.936574 0.0630533 0.10287 5695
2 0.720546 0.433015 0.0322275 0.0296407 5697
2 0.777524 0.474148 0.0985969 0.0605169 5689
1 0.717349 0.839874 0.0899986 0.148183 5685
2 0.846649 0.467085 0.0612246 0.044282 5598
3 0.8344 0.94223 0.0750715 0.112814 5698
2 0.140515 0.806967 0.119341 0.152051 5699
