2 0.368014 0.436239 0.0229051 0.0239988 5340
2 0.35063 0.430814 0.0166076 0.0216683 5372
2 0.337864 0.425541 0.0137022 0.0176215 5443
2 0.325376 0.419157 0.0159855 0.0203392 5439
2 0.395316 0.431004 0.0245948 0.0213861 5472
2 0.693748 0.442137 0.0565757 0.036317 5547
2 0.681617 0.461264 0.0464916 0.0380718 5603
2 0.941165 0.476697 0.0819272 0.0410578 5627
0 0.453643 0.548933 0.0145539 0.0691757 5629
1 0.511175 0.558131 0.0180556 0.0448978 5665
0 0.511953 0.539519 0.0154399 0.0552918 5604
0 0.718991 0.81152 0.0400332 0.134988 5669
0 0.474125 0.529676 0.0141174 0.0512721 5673
1 0.475424 0.547121 0.0160921 0.0365954 5684
0 0.837128 0.936515 0.0622754 0.101306 5695
2 0.722117 0.434113 0.0327201 0.0299377 5697
2 0.779488 0.475894 0.104036 0.0611994 5689
3 0.72236 0.829897 0.0582488 0.10613 5685
2 0.84742 0.467851 0.0574766 0.0439524 5598
2 0.703223 0.669672 0.121883 0.121122 5699
3 0.836346 0.943784 0.0782682 0.109638 5688
1 0.836491 0.944505 0.0724188 0.107492 5701
