2 0.367143 0.434789 0.0229693 0.024223 5340
2 0.349422 0.429848 0.0163976 0.021719 5372
2 0.336957 0.424346 0.0141151 0.0180556 5443
2 0.323816 0.418435 0.0163657 0.0206515 5439
2 0.394287 0.429893 0.0250196 0.0217088 5472
2 0.692633 0.440991 0.0551142 0.0353302 5547
2 0.680901 0.460065 0.0476827 0.0391279 5603
2 0.940255 0.475809 0.0823748 0.0413935 5627
0 0.452671 0.547414 0.0145041 0.0698329 5629
1 0.509619 0.55848 0.0192252 0.0426434 5665
0 0.510233 0.537577 0.0154392 0.054476 5604
0 0.72441 0.825684 0.0393306 0.117089 5669
0 0.473256 0.528442 0.0140723 0.0526166 5673
1 0.474215 0.544828 0.0173522 0.0388032 5684
1 0.834099 0.943212 0.0817324 0.111228 5688
1 0.820323 0.915666 0.0437359 0.0590458 5694
0 0.83455 0.939335 0.0647613 0.107162 5695
2 0.720173 0.433177 0.0320953 0.0292644 5697
2 0.777684 0.4745 0.09928 0.0601068 5689
3 0.716574 0.837988 0.0910579 0.149639 5685
2 0.84689 0.467192 0.0594755 0.0440447 5598
3 0.833915 0.94358 0.0733791 0.110429 5698
2 0.259737 0.768038 0.126898 0.152825 5699
1 0.717807 0.841319 0.0889408 0.145802 5680
