2 0.367459 0.436196 0.0230312 0.0242455 5340
2 0.350053 0.431107 0.0160573 0.0210589 5372
2 0.337343 0.425738 0.0138158 0.0180498 5443
2 0.324513 0.419688 0.0161345 0.0205829 5439
2 0.394717 0.431316 0.0249981 0.0217049 5472
2 0.693548 0.442472 0.0559305 0.0358228 5547
2 0.681122 0.461613 0.0469558 0.0384696 5603
2 0.940411 0.477288 0.0810381 0.0406694 5627
0 0.453101 0.548644 0.014677 0.0701187 5629
1 0.510828 0.558172 0.0188388 0.0448539 5665
0 0.511766 0.539648 0.0155039 0.0554458 5604
0 0.724489 0.822575 0.0393545 0.125234 5669
0 0.473631 0.529819 0.0140865 0.051493 5673
1 0.47476 0.545813 0.0169786 0.0387531 5684
0 0.836425 0.937268 0.0620368 0.101094 5695
2 0.721151 0.434312 0.0328095 0.0297458 5697
2 0.778565 0.476068 0.10146 0.0601036 5689
1 0.727285 0.850942 0.0674893 0.113909 5685
2 0.846268 0.468194 0.0580461 0.0441406 5598
2 0.532069 0.69495 0.129612 0.138368 5699
3 0.836073 0.944203 0.0775933 0.108031 5688
1 0.836218 0.944579 0.0735381 0.109657 5701
