2 0.368129 0.4354 0.022819 0.02398 5340
2 0.351038 0.430227 0.0165099 0.0214782 5372
2 0.338689 0.424926 0.014103 0.0180158 5443
2 0.326004 0.418443 0.0162506 0.0207026 5439
2 0.395584 0.430267 0.0248803 0.0216772 5472
2 0.69419 0.441001 0.055681 0.0355801 5547
2 0.681946 0.459912 0.0468678 0.0384157 5603
2 0.942341 0.475334 0.082511 0.0413768 5627
0 0.453239 0.548159 0.0143691 0.0682058 5629
1 0.51162 0.557062 0.017966 0.0453341 5665
0 0.512417 0.538879 0.0155324 0.0555612 5604
0 0.715106 0.794333 0.0401122 0.138332 5669
0 0.474506 0.529295 0.0140093 0.0507835 5673
1 0.475954 0.545333 0.0168455 0.0383217 5684
0 0.835585 0.938907 0.0676487 0.110795 5695
2 0.722189 0.432795 0.0328983 0.0300349 5697
2 0.780263 0.474945 0.103788 0.0608955 5689
2 0.848079 0.46676 0.0571547 0.0438943 5598
2 0.754297 0.668681 0.129087 0.123639 5699
1 0.836485 0.942346 0.0803307 0.113742 5688
3 0.836005 0.944612 0.0722689 0.107109 5701
