2 0.367299 0.434934 0.022879 0.0240374 5340
2 0.349836 0.429747 0.0168073 0.0218472 5372
2 0.337525 0.424341 0.0146073 0.0180695 5443
2 0.324787 0.418051 0.0158736 0.0206332 5439
2 0.394646 0.42965 0.0247327 0.0215095 5472
2 0.692575 0.441205 0.0563512 0.0355868 5547
2 0.680936 0.460334 0.0478869 0.0392523 5603
2 0.941205 0.475726 0.0828288 0.0413425 5627
0 0.468676 0.589778 0.0186458 0.0797121 5629
3 0.520983 0.586528 0.0173694 0.0526995 5665
0 0.519924 0.570083 0.0178174 0.0625131 5604
0 0.474307 0.532057 0.0136965 0.0447272 5673
1 0.47707 0.548552 0.01819 0.0381864 5684
3 0.785051 0.868253 0.065988 0.125634 5695
2 0.720824 0.433228 0.032789 0.0298002 5697
2 0.779393 0.475309 0.104498 0.0603053 5689
2 0.84517 0.467042 0.0555021 0.0437431 5598
1 0.784722 0.874049 0.0777786 0.118775 5701
2 0.97005 0.512047 0.0343673 0.048737 5704
