2 0.36804 0.435304 0.0227036 0.0237643 5340
2 0.350468 0.430291 0.0164343 0.0214205 5372
2 0.338937 0.424576 0.0150619 0.0187935 5443
2 0.32546 0.418393 0.0160401 0.0207251 5439
2 0.395131 0.430137 0.0244809 0.0212135 5472
2 0.693407 0.441031 0.0563836 0.0357855 5547
2 0.681498 0.460159 0.0463827 0.0379786 5603
2 0.941824 0.475436 0.0818984 0.0410396 5627
0 0.457169 0.562553 0.0160122 0.0722014 5629
1 0.513943 0.565887 0.0159247 0.0424007 5665
0 0.513118 0.54485 0.0152714 0.0532067 5604
0 0.674848 0.716814 0.033526 0.120751 5669
0 0.473975 0.527865 0.0131179 0.0471589 5673
1 0.475611 0.549107 0.0144998 0.0316917 5684
0 0.818541 0.91511 0.0660144 0.116726 5695
2 0.722086 0.433233 0.0322959 0.0295472 5697
2 0.780147 0.475096 0.10377 0.0601744 5689
2 0.848383 0.466634 0.055835 0.0441512 5598
1 0.821056 0.929842 0.0842056 0.124751 5688
3 0.821198 0.931127 0.0814122 0.123029 5701
1 0.675067 0.742219 0.0331968 0.0741764 5703
2 0.984637 0.516349 0.0295916 0.0471081 5704
