2 0.368029 0.435147 0.0226438 0.023732 5340
2 0.350283 0.430348 0.0164788 0.02146 5372
2 0.338538 0.424738 0.014869 0.0186886 5443
2 0.325271 0.418351 0.0164172 0.021185 5439
2 0.39512 0.430162 0.0246482 0.021374 5472
2 0.692901 0.441141 0.0558423 0.0354333 5547
2 0.681735 0.46006 0.047314 0.0388908 5603
2 0.941578 0.475349 0.0820312 0.0411324 5627
0 0.456149 0.557648 0.0150101 0.0689124 5629
1 0.512437 0.561122 0.0180607 0.0468778 5665
0 0.512877 0.542751 0.0151624 0.0534213 5604
0 0.683211 0.732057 0.0342641 0.119644 5669
0 0.474246 0.528299 0.0134783 0.0487125 5673
1 0.475716 0.546015 0.0170046 0.0381087 5684
0 0.825884 0.92484 0.0687675 0.121017 5695
2 0.721863 0.432942 0.0325148 0.0297245 5697
2 0.780069 0.474966 0.103389 0.0600887 5689
2 0.848157 0.466619 0.0561037 0.0440755 5598
2 0.96621 0.685682 0.132523 0.120927 5699
3 0.825819 0.937304 0.0829827 0.121403 5688
1 0.825893 0.937321 0.0821105 0.123357 5701
