2 0.367512 0.435043 0.0231731 0.0243741 5340
2 0.349622 0.429893 0.0166761 0.0218925 5372
2 0.337599 0.424374 0.0146673 0.0181164 5443
2 0.325773 0.418225 0.0163439 0.0209816 5439
2 0.394604 0.429707 0.0250474 0.0218388 5472
2 0.692904 0.441063 0.0565637 0.0357815 5547
2 0.680955 0.460067 0.0480062 0.0394274 5603
2 0.941069 0.475085 0.0803713 0.0400296 5627
0 0.474457 0.607344 0.0200546 0.0858531 5629
0 0.531824 0.587652 0.0182014 0.061651 5604
0 0.480849 0.541885 0.0156915 0.0506426 5673
1 0.482602 0.556104 0.0186832 0.0405662 5684
3 0.744953 0.821819 0.0693108 0.123555 5695
2 0.721049 0.43308 0.0332073 0.0300202 5697
2 0.77965 0.475163 0.105112 0.0605144 5689
2 0.846733 0.466875 0.0555475 0.043793 5598
2 0.963734 0.511275 0.0423108 0.0513643 5704
0 0.750912 0.799023 0.037886 0.088606 5706
