2 0.367715 0.434957 0.0230348 0.0242117 5340
2 0.349954 0.429783 0.0167246 0.0219529 5372
2 0.337876 0.424319 0.0146011 0.0180577 5443
2 0.325098 0.4181 0.0162207 0.020954 5439
2 0.394839 0.429602 0.0253752 0.0221588 5472
2 0.693204 0.440927 0.0559468 0.0354359 5547
2 0.681091 0.459857 0.0479626 0.0394083 5603
2 0.94133 0.474319 0.0774507 0.0382605 5627
0 0.477569 0.613761 0.0205866 0.0868616 5629
0 0.536621 0.595029 0.0179019 0.0596363 5604
0 0.483058 0.544583 0.0163545 0.0528501 5673
1 0.735692 0.814763 0.059252 0.104924 5695
2 0.721092 0.432525 0.0334623 0.0301943 5697
2 0.77989 0.474897 0.105159 0.0604974 5689
2 0.847571 0.466817 0.0551015 0.0437424 5598
2 0.962172 0.510838 0.0455088 0.0524714 5704
0 0.739314 0.784832 0.038802 0.0905999 5706
