2 0.372443 0.436797 0.0236922 0.0246277 5340
2 0.352886 0.431043 0.0180977 0.0221392 5372
2 0.338784 0.424967 0.0145283 0.0179356 5443
2 0.32556 0.418943 0.0155279 0.0198158 5439
2 0.407457 0.433772 0.0266444 0.0231299 5472
2 0.692133 0.440508 0.0587211 0.0373165 5547
2 0.681522 0.460881 0.0468766 0.0382159 5603
2 0.941779 0.473062 0.0783642 0.0350857 5627
0 0.510367 0.696431 0.0255619 0.104399 5629
0 0.52068 0.596744 0.0170262 0.0570723 5673
2 0.704633 0.424646 0.0227212 0.0180237 5697
2 0.780377 0.475153 0.107561 0.0618005 5689
2 0.844129 0.466353 0.0546306 0.0438043 5598
2 0.959385 0.512849 0.0690013 0.0570294 5704
1 0.50181 0.543869 0.0212451 0.0395883 5708
2 0.131532 0.604076 0.0756254 0.0712157 5721
3 0.769099 0.86631 0.0675969 0.119751 5694
0 0.77286 0.821761 0.0721074 0.137629 5688
0 0.682581 0.828264 0.0550957 0.0912687 5680
1 0.5285 0.622045 0.0190888 0.0506874 5665
