2 0.37531 0.438501 0.0242668 0.0249505 5340
2 0.354502 0.431341 0.0184227 0.022256 5372
2 0.338952 0.425347 0.0144448 0.0176909 5443
2 0.325837 0.418537 0.0158881 0.0203174 5439
2 0.414416 0.435739 0.0276516 0.023998 5472
2 0.689888 0.43943 0.0587655 0.0375792 5547
2 0.681449 0.461052 0.0469801 0.0381922 5603
2 0.941791 0.473317 0.0799246 0.0355642 5627
0 0.515871 0.720384 0.0281065 0.114413 5629
2 0.780599 0.475472 0.106586 0.0612567 5689
2 0.841956 0.465869 0.0546565 0.0440858 5598
2 0.959534 0.513108 0.0708815 0.056971 5704
1 0.489184 0.538758 0.0204972 0.0367621 5708
2 0.175427 0.582146 0.0731685 0.0652196 5721
3 0.745114 0.811812 0.0567132 0.111551 5688
1 0.541056 0.6364 0.0223214 0.0522133 5665
0 0.542531 0.615639 0.0262186 0.067726 5732
0 0.743608 0.770919 0.0417401 0.124299 5733
3 0.729056 0.794774 0.144363 0.144712 5714
