2 0.391171 0.443969 0.0278093 0.0281554 5340
2 0.364386 0.434483 0.0214972 0.0242967 5372
2 0.340522 0.425612 0.0153923 0.0179319 5443
2 0.326076 0.420119 0.0151004 0.0187194 5439
2 0.45151 0.445765 0.0342988 0.0290388 5472
2 0.664693 0.43455 0.0494648 0.0311183 5547
2 0.680417 0.460972 0.04849 0.0385575 5603
2 0.942103 0.473371 0.0819937 0.0361346 5627
0 0.545351 0.78946 0.0291815 0.112489 5629
2 0.780364 0.4748 0.104919 0.0603872 5689
2 0.82622 0.462481 0.0524721 0.0421822 5598
2 0.959848 0.513172 0.0751933 0.057392 5704
2 0.255534 0.542604 0.0690194 0.0537139 5721
0 0.675929 0.68233 0.0456021 0.0981993 5688
0 0.598781 0.677818 0.0263823 0.0680317 5732
0 0.4754 0.510302 0.0133368 0.056227 5741
3 0.671162 0.707362 0.0573693 0.0922882 5701
