2 0.409008 0.451189 0.03105 0.0310169 5340
2 0.374138 0.43935 0.0235968 0.025684 5372
2 0.341508 0.426742 0.0165049 0.0180905 5443
2 0.325536 0.419287 0.0160428 0.019951 5439
2 0.496405 0.458819 0.0432383 0.0362444 5472
2 0.633533 0.431244 0.049395 0.0319822 5547
2 0.679582 0.462004 0.0476918 0.0372421 5603
2 0.938938 0.473717 0.0820721 0.0362177 5627
0 0.570279 0.875298 0.0346686 0.124621 5629
2 0.779709 0.474831 0.105737 0.0610901 5689
2 0.797196 0.451899 0.0409093 0.0301392 5598
2 0.959508 0.513561 0.076204 0.0566293 5704
2 0.278511 0.531047 0.0694783 0.0512475 5721
0 0.477186 0.509733 0.0128408 0.0535292 5741
1 0.501935 0.556133 0.0248059 0.0432315 5745
2 0.411763 0.429907 0.0286443 0.0299151 5746
2 0.612524 0.417892 0.0304948 0.0210809 5750
2 0.367783 0.421597 0.019607 0.0165885 5752
1 0.665592 0.811783 0.040795 0.0745384 5680
