2 0.384922 0.441471 0.0265893 0.0269139 5340
2 0.359863 0.43267 0.0203834 0.0235181 5372
2 0.339973 0.425279 0.0153293 0.0182895 5443
2 0.326139 0.418701 0.0166099 0.0209193 5439
2 0.436019 0.441728 0.0308431 0.0263192 5472
2 0.67676 0.435881 0.0480888 0.0301066 5547
2 0.680955 0.460797 0.0475947 0.0381524 5603
2 0.942398 0.473896 0.0812489 0.0357889 5627
0 0.536155 0.768716 0.02977 0.118668 5629
2 0.780388 0.475598 0.107255 0.061825 5689
2 0.833671 0.464739 0.0544633 0.043631 5598
2 0.959694 0.513769 0.0741309 0.0572678 5704
2 0.235585 0.55281 0.0705967 0.0570743 5721
3 0.700401 0.73652 0.0485771 0.0994095 5688
0 0.578356 0.650761 0.0285017 0.0735791 5732
3 0.687223 0.728436 0.070031 0.109368 5701
