2 0.503035 0.48424 0.0520836 0.0480789 5340
2 0.417364 0.454161 0.0332069 0.0332444 5372
2 0.354769 0.431117 0.0202538 0.0210894 5443
2 0.332022 0.421662 0.0180225 0.0216432 5439
2 0.551886 0.418742 0.0375194 0.0259627 5547
2 0.681134 0.46148 0.0475568 0.0363407 5603
2 0.887962 0.467539 0.0797571 0.0387228 5627
2 0.702613 0.441824 0.0575825 0.0352834 5598
2 0.959569 0.51322 0.0780181 0.056403 5704
2 0.290998 0.524201 0.0707735 0.049204 5721
1 0.459681 0.531834 0.0231475 0.039499 5745
2 0.487207 0.446579 0.0401244 0.0403159 5746
2 0.395146 0.429993 0.0264136 0.0229146 5752
2 0.667585 0.42823 0.0468436 0.0252592 5753
2 0.533742 0.407267 0.0277544 0.0196547 5762
0 0.570545 0.573455 0.0299895 0.0621579 5701
3 0.5747 0.605231 0.0310041 0.0563243 5735
2 0.963349 0.478763 0.0685517 0.0317442 5765
0 0.481324 0.511621 0.0146113 0.0497581 5741
