2 0.513528 0.488766 0.0548349 0.0508781 5372
2 0.381505 0.440517 0.0242587 0.0251994 5443
2 0.342485 0.425205 0.0209922 0.0238153 5439
2 0.482722 0.406485 0.0319689 0.0242105 5547
2 0.678921 0.459892 0.0476652 0.0357389 5603
2 0.773378 0.442798 0.0514002 0.0251966 5627
2 0.616212 0.426624 0.0462276 0.0298085 5598
2 0.959603 0.513292 0.0798092 0.0569968 5704
2 0.289542 0.523587 0.0727815 0.0497127 5721
0 0.452887 0.500026 0.0195324 0.0438261 5745
2 0.452186 0.444594 0.0351113 0.0299381 5752
2 0.578525 0.415622 0.0349766 0.0205983 5753
0 0.520204 0.550608 0.0233902 0.0556694 5701
3 0.520561 0.572364 0.0300071 0.0455797 5735
0 0.479602 0.508173 0.0148217 0.0549462 5741
2 0.325406 0.418365 0.0158209 0.019093 5773
2 0.945877 0.472049 0.062621 0.0354297 5775
2 0.691584 0.50956 0.0903909 0.0763527 5340
