2 0.534068 0.497242 0.0598768 0.0548991 5372
2 0.386264 0.442497 0.0259408 0.026937 5443
2 0.344309 0.426175 0.0212621 0.0239865 5439
2 0.473871 0.404837 0.0305734 0.0237615 5547
2 0.680524 0.461193 0.0490136 0.0370341 5603
2 0.757617 0.440508 0.0529305 0.0258463 5627
2 0.607091 0.425327 0.0448846 0.0293365 5598
2 0.959546 0.51328 0.0796846 0.0568358 5704
2 0.289154 0.523947 0.0736799 0.0503279 5721
0 0.45483 0.498847 0.0180342 0.0421964 5745
2 0.461998 0.447485 0.037054 0.0316614 5752
2 0.570671 0.414596 0.0329911 0.0194403 5753
0 0.513953 0.546223 0.0221863 0.0527612 5701
3 0.514022 0.570033 0.0304934 0.0452752 5735
0 0.479842 0.508324 0.0146546 0.0551424 5741
2 0.327962 0.419261 0.0161365 0.0192927 5773
2 0.928095 0.471568 0.069531 0.0391869 5775
2 0.736154 0.51679 0.100885 0.085209 5340
1 0.514783 0.569929 0.0376641 0.0461322 5778
