2 0.55371 0.503485 0.0612394 0.055022 5443
2 0.407896 0.448848 0.0347515 0.0373055 5439
2 0.678402 0.460295 0.0476484 0.0364764 5603
2 0.49011 0.406148 0.0269171 0.0209175 5598
2 0.959354 0.512532 0.0812204 0.0574687 5704
2 0.288346 0.523953 0.0737568 0.0500493 5721
2 0.463604 0.399165 0.0211323 0.0137212 5753
3 0.478217 0.540412 0.0251902 0.049488 5735
0 0.475435 0.498447 0.00982564 0.036109 5741
2 0.359066 0.430827 0.0217546 0.0248649 5773
2 0.677189 0.429126 0.048371 0.0263613 5775
2 0.498515 0.455765 0.0451473 0.0413742 5780
3 0.459354 0.509134 0.0177128 0.0345136 5782
2 0.579339 0.420917 0.0490815 0.0307625 5787
2 0.419183 0.434284 0.0277369 0.023611 5789
2 0.826697 0.465442 0.0900646 0.0425161 5791
2 0.326236 0.419586 0.0169281 0.0191709 5792
0 0.458933 0.496255 0.0124968 0.0390705 5745
2 0.945222 0.578093 0.12629 0.0744352 5797
0 0.475917 0.52726 0.0190057 0.0625619 5798
2 0.780047 0.474729 0.108661 0.0624678 5689
