2 0.529798 0.494894 0.0563896 0.0513305 5443
2 0.399937 0.446241 0.0329188 0.035583 5439
2 0.679438 0.460203 0.0472672 0.0363675 5603
2 0.497058 0.40786 0.0281018 0.0214018 5598
2 0.959425 0.512961 0.081554 0.0577026 5704
2 0.288296 0.524177 0.0734991 0.0499014 5721
2 0.469441 0.400092 0.0220106 0.014195 5753
3 0.479094 0.541758 0.0254079 0.0482733 5735
0 0.474285 0.502033 0.0115792 0.0433862 5741
2 0.355441 0.429629 0.0209915 0.0239901 5773
2 0.691615 0.431854 0.051517 0.0280181 5775
2 0.482851 0.452067 0.0421473 0.0388546 5780
3 0.459798 0.508617 0.0183833 0.0360713 5782
2 0.590501 0.422819 0.0530562 0.0328239 5787
2 0.410906 0.432261 0.0259389 0.0220781 5789
2 0.851653 0.470577 0.0979603 0.0454176 5791
2 0.324921 0.419149 0.0167934 0.0190373 5792
0 0.458667 0.496283 0.0125455 0.038858 5745
