2 0.468089 0.46775 0.0493448 0.05082 5439
2 0.675721 0.458102 0.0511065 0.0388675 5603
2 0.458664 0.402348 0.022171 0.0178784 5598
2 0.959911 0.511094 0.0797706 0.0564586 5704
2 0.288946 0.524275 0.074201 0.0502649 5721
2 0.437407 0.394612 0.0198395 0.0138157 5753
1 0.477885 0.547018 0.0171431 0.0350638 5735
0 0.477066 0.506006 0.0129493 0.0490968 5741
2 0.386051 0.439929 0.0272656 0.030805 5773
2 0.61236 0.418421 0.0395024 0.0226823 5775
2 0.610055 0.48634 0.0662863 0.0576271 5780
1 0.458738 0.51073 0.01602 0.0327417 5782
2 0.52556 0.411453 0.0395762 0.0274253 5787
2 0.471161 0.444756 0.0314024 0.0253914 5789
2 0.335842 0.42224 0.0200622 0.0224933 5792
0 0.457838 0.497001 0.0103802 0.0338743 5745
0 0.474267 0.531749 0.0190558 0.062064 5798
2 0.703259 0.441582 0.0651979 0.0323365 5791
2 0.378977 0.421936 0.0227375 0.0207598 5800
2 0.758095 0.571867 0.104057 0.0863106 5372
2 0.78096 0.473273 0.104409 0.0596816 5689
