2 0.618713 0.521895 0.085948 0.0854171 5439
2 0.672132 0.458523 0.0506587 0.0400655 5603
2 0.430176 0.397499 0.0195977 0.0167965 5598
2 0.960142 0.511973 0.079248 0.0558747 5704
2 0.289034 0.524283 0.0736009 0.0497477 5721
1 0.477807 0.545795 0.0179812 0.0387684 5735
0 0.476369 0.506172 0.0130738 0.0511752 5741
2 0.44232 0.459039 0.037178 0.0399966 5773
2 0.550768 0.410614 0.0323387 0.0201643 5775
1 0.457856 0.509765 0.0149705 0.0329592 5782
2 0.349767 0.427523 0.0225602 0.0256745 5792
0 0.458812 0.494855 0.0106764 0.0351816 5745
0 0.468528 0.528867 0.0165891 0.0600327 5798
2 0.599837 0.426444 0.0490718 0.0265919 5791
2 0.416384 0.434502 0.0307088 0.0282987 5800
2 0.847015 0.458234 0.0611906 0.0384841 5802
2 0.372563 0.421938 0.0212407 0.0189267 5806
2 0.0528098 0.694573 0.0826444 0.101858 5807
2 0.923013 0.481396 0.0883265 0.03412 5809
2 0.47994 0.404229 0.0302469 0.0225861 5787
2 0.92365 0.567202 0.158726 0.0943654 5797
