2 0.524656 0.488591 0.0645556 0.0663507 5439
2 0.6742 0.460311 0.0498452 0.0381615 5603
2 0.443531 0.400719 0.0204116 0.0169209 5598
2 0.959817 0.513491 0.079932 0.056499 5704
2 0.288776 0.524839 0.0736384 0.0498532 5721
2 0.424389 0.394798 0.0175081 0.0126801 5753
1 0.478043 0.548036 0.0175833 0.0372147 5735
0 0.477271 0.506786 0.0131238 0.0501144 5741
2 0.408312 0.448273 0.0310602 0.0344791 5773
2 0.577646 0.415642 0.033927 0.020648 5775
1 0.457463 0.510113 0.0162498 0.0343818 5782
2 0.50168 0.408842 0.0339341 0.0248661 5787
2 0.341651 0.425789 0.0202963 0.0228409 5792
0 0.45865 0.49554 0.0109831 0.036362 5745
0 0.468445 0.529951 0.0173467 0.0593689 5798
2 0.648769 0.434633 0.0559251 0.0289686 5791
2 0.394362 0.428821 0.0260056 0.0237855 5800
2 0.93631 0.473004 0.0590008 0.038276 5802
2 0.780522 0.475549 0.106771 0.0609722 5689
2 0.718477 0.518073 0.0921007 0.0729528 5752
2 0.942694 0.627488 0.131011 0.0879984 5779
