2 0.452744 0.463592 0.0457798 0.0475288 5439
2 0.676127 0.459386 0.0509019 0.0386608 5603
2 0.463737 0.403707 0.0227298 0.0182392 5598
2 0.959529 0.512656 0.080751 0.0571655 5704
2 0.288355 0.52476 0.0736669 0.0498725 5721
2 0.441957 0.396177 0.0201124 0.0137565 5753
0 0.476869 0.547853 0.0166801 0.0336522 5735
0 0.477153 0.50731 0.0133393 0.0500452 5741
2 0.379083 0.438286 0.025608 0.0290406 5773
2 0.622356 0.421251 0.0410618 0.0234213 5775
2 0.581615 0.479293 0.0613654 0.0541569 5780
3 0.459431 0.510648 0.016714 0.0335721 5782
2 0.535232 0.413758 0.0423645 0.0287677 5787
2 0.459254 0.444708 0.0347836 0.0291452 5789
2 0.333932 0.422199 0.019475 0.0217211 5792
0 0.458062 0.497536 0.0104715 0.0338336 5745
0 0.473359 0.532826 0.0184921 0.0606339 5798
2 0.720132 0.445848 0.0680412 0.0328886 5791
2 0.71706 0.56112 0.0922775 0.0793403 5372
