2 0.655179 0.456781 0.0467132 0.0389158 5603
2 0.39502 0.393566 0.0132743 0.0121761 5598
2 0.960372 0.51301 0.0794861 0.0563818 5704
2 0.28986 0.525256 0.0734826 0.0497191 5721
1 0.479184 0.549021 0.0152933 0.0333625 5735
0 0.476634 0.51005 0.0136387 0.0575745 5741
2 0.472795 0.400845 0.0209759 0.0145969 5775
1 0.458623 0.509038 0.0154795 0.0369042 5782
2 0.396508 0.444609 0.0311082 0.0351319 5792
0 0.459469 0.496149 0.0112144 0.037829 5745
0 0.471556 0.530101 0.0166389 0.0623602 5798
2 0.482433 0.40905 0.0273801 0.0172465 5791
2 0.578867 0.479178 0.0603385 0.0546987 5800
2 0.624946 0.420447 0.0381627 0.0222772 5802
2 0.44704 0.443426 0.0323985 0.0286871 5806
2 0.236856 0.587231 0.0872262 0.0826386 5807
2 0.422377 0.397541 0.0214143 0.0179753 5787
2 0.520835 0.407238 0.0217589 0.0184768 5814
2 0.355764 0.430818 0.020819 0.0218501 5815
2 0.334285 0.422203 0.0188775 0.0209856 5816
2 0.651807 0.433923 0.0547027 0.0239218 5809
2 0.786385 0.574628 0.118817 0.099412 5780
