2 0.646067 0.454498 0.0464023 0.0387442 5603
2 0.383846 0.392853 0.0117851 0.0109007 5598
2 0.960214 0.514133 0.0794844 0.0563715 5704
2 0.289746 0.518873 0.0575628 0.0359516 5721
1 0.478906 0.546213 0.0158435 0.0360032 5735
0 0.477299 0.509643 0.0129365 0.0545985 5741
1 0.458284 0.510307 0.0148321 0.0360864 5782
2 0.431844 0.456789 0.0391201 0.0431436 5792
0 0.459207 0.496578 0.0110462 0.0364931 5745
0 0.469298 0.530833 0.0151289 0.0615449 5798
2 0.447661 0.404542 0.0272064 0.018772 5791
2 0.570257 0.413502 0.0327453 0.0186815 5802
2 0.505921 0.460768 0.043425 0.0368819 5806
2 0.281423 0.563676 0.0817541 0.0726529 5807
2 0.403853 0.397056 0.0173626 0.0148998 5787
2 0.490225 0.403722 0.0194338 0.0163769 5814
2 0.372745 0.437468 0.0253325 0.0267781 5815
2 0.346757 0.427547 0.0201809 0.0224605 5816
2 0.579348 0.423729 0.052511 0.02535 5809
2 0.912604 0.475435 0.0884591 0.052233 5819
2 0.386347 0.424412 0.0279862 0.0266312 5820
2 0.759004 0.531396 0.085168 0.0777924 5773
2 0.781197 0.475846 0.103392 0.0595037 5689
