2 0.618596 0.449436 0.0386837 0.0309649 5603
2 0.959997 0.512029 0.0786008 0.056148 5704
2 0.281611 0.524303 0.0686387 0.0491682 5721
1 0.477968 0.545613 0.0135104 0.0344551 5735
0 0.474474 0.505383 0.0123737 0.0485631 5741
3 0.459087 0.507658 0.0167636 0.0395717 5782
0 0.459048 0.495103 0.0107334 0.0366724 5745
0 0.471576 0.529427 0.0156801 0.0621564 5798
2 0.374596 0.395838 0.0137871 0.0105472 5791
2 0.321249 0.537113 0.0794879 0.0661122 5807
2 0.416491 0.392345 0.0139196 0.0115311 5814
2 0.528551 0.488139 0.0571379 0.0570783 5815
2 0.418929 0.452294 0.0342797 0.0362017 5816
2 0.687805 0.429428 0.0516122 0.0294911 5827
2 0.409749 0.429527 0.0257707 0.026039 5835
2 0.365108 0.432538 0.0204001 0.027091 5836
2 0.937085 0.610256 0.140228 0.113596 5779
2 0.648546 0.491293 0.120871 0.0737677 5819
