2 0.630511 0.453245 0.0425189 0.0324354 5603
2 0.960428 0.512593 0.079391 0.0566147 5704
2 0.284611 0.524081 0.0750682 0.048251 5721
3 0.478978 0.543468 0.0152386 0.0390702 5735
0 0.47736 0.50849 0.0132177 0.0533503 5741
1 0.45971 0.512839 0.0134415 0.0310853 5782
2 0.58832 0.508978 0.074934 0.0782169 5792
0 0.459489 0.496372 0.0111122 0.0383401 5745
0 0.473355 0.529731 0.0155685 0.0631091 5798
2 0.398899 0.399176 0.017217 0.0128075 5791
2 0.320117 0.538948 0.0791021 0.0671178 5807
2 0.443096 0.396283 0.0164143 0.0138431 5814
2 0.432005 0.456128 0.0363336 0.0376033 5815
2 0.379422 0.438535 0.026606 0.0289581 5816
2 0.473473 0.445479 0.0447871 0.0419993 5820
2 0.84524 0.458015 0.0694021 0.0391513 5827
2 0.367924 0.420402 0.0208012 0.0215907 5835
2 0.339793 0.423797 0.0168795 0.0233308 5836
2 0.781416 0.475127 0.107189 0.0618175 5689
2 0.854044 0.555808 0.107556 0.0759804 5752
