2 0.619317 0.451545 0.0422621 0.0342474 5603
2 0.960103 0.511988 0.0801122 0.057388 5704
2 0.281105 0.524451 0.0694726 0.0491318 5721
1 0.478493 0.545905 0.0131703 0.0340081 5735
0 0.475693 0.507251 0.0126858 0.0501975 5741
3 0.45881 0.508131 0.016578 0.0389057 5782
0 0.458886 0.495253 0.0107451 0.0367588 5745
0 0.471181 0.529533 0.0156388 0.0623977 5798
2 0.37801 0.396558 0.0141065 0.0107452 5791
2 0.321385 0.537055 0.0789812 0.0659043 5807
2 0.419604 0.393247 0.0140086 0.0117718 5814
2 0.506312 0.480427 0.0522256 0.0524315 5815
2 0.410525 0.449367 0.0328224 0.0349304 5816
2 0.592044 0.476439 0.0727158 0.0665617 5820
2 0.70989 0.433419 0.0525582 0.0297862 5827
2 0.400496 0.42756 0.0249895 0.0255146 5835
2 0.359672 0.43112 0.0189515 0.0254155 5836
2 0.906946 0.603937 0.169184 0.126404 5779
