2 0.612736 0.448236 0.0415778 0.0324007 5603
2 0.960373 0.512923 0.0800262 0.0567388 5704
2 0.283888 0.525589 0.0624724 0.0483115 5721
1 0.480158 0.547934 0.0127572 0.0326607 5735
0 0.477826 0.5079 0.0144548 0.0518742 5741
3 0.46148 0.511038 0.0152976 0.0350059 5782
0 0.471953 0.530461 0.0156424 0.0617982 5798
2 0.321698 0.538642 0.0805333 0.0659394 5807
2 0.591495 0.517177 0.0755084 0.0743228 5816
2 0.534924 0.408722 0.0316644 0.0203856 5827
2 0.44716 0.4604 0.0374963 0.0441602 5836
2 0.373351 0.438791 0.024174 0.0232376 5849
2 0.411666 0.392506 0.0134544 0.0101319 5855
2 0.477648 0.405511 0.0326965 0.0259182 5857
2 0.421664 0.435165 0.0279094 0.0288327 5859
2 0.335596 0.421471 0.0190303 0.0188954 5864
0 0.460593 0.498033 0.0107056 0.036219 5745
2 0.64397 0.431581 0.0517361 0.0313925 5828
2 0.698062 0.430013 0.0558989 0.0307148 5877
2 0.750966 0.468446 0.10232 0.0580645 5689
