2 0.615485 0.450467 0.0413881 0.0322647 5603
2 0.961138 0.511304 0.076267 0.0536899 5704
2 0.283148 0.525057 0.0637372 0.0483978 5721
3 0.480015 0.545486 0.0141012 0.0364976 5735
0 0.477176 0.50686 0.014173 0.0513372 5741
1 0.461184 0.511227 0.0148094 0.0337744 5782
0 0.470829 0.530368 0.0149787 0.0603876 5798
2 0.321853 0.537943 0.0801667 0.0658348 5807
2 0.495675 0.480028 0.0514335 0.0517212 5816
2 0.585073 0.415082 0.0337597 0.0203327 5827
2 0.499067 0.451068 0.0420134 0.039827 5835
2 0.405829 0.446221 0.0279338 0.0346196 5836
2 0.352697 0.430833 0.0207376 0.0198769 5849
2 0.427213 0.393956 0.0137605 0.0103436 5855
2 0.516022 0.409384 0.037675 0.0296678 5857
2 0.387928 0.425992 0.0221883 0.0230587 5859
2 0.324549 0.417259 0.0182639 0.0179763 5864
0 0.46011 0.496634 0.0110477 0.036421 5745
