2 0.613792 0.450394 0.0421705 0.0327983 5603
2 0.96105 0.51259 0.078764 0.055699 5704
2 0.283829 0.525306 0.063089 0.048516 5721
1 0.480173 0.546414 0.0136018 0.0351349 5735
0 0.478013 0.506283 0.0139456 0.0500367 5741
3 0.461665 0.510047 0.0158571 0.0364547 5782
0 0.473064 0.530149 0.0158828 0.0625491 5798
2 0.322218 0.538237 0.0801786 0.0657277 5807
2 0.538161 0.495481 0.0622339 0.0617242 5816
2 0.558391 0.411255 0.0351099 0.0218921 5827
2 0.54727 0.465201 0.0538117 0.0501251 5835
2 0.424588 0.452516 0.031839 0.0384793 5836
2 0.362308 0.4346 0.0224125 0.021565 5849
2 0.420248 0.393366 0.0141386 0.0105567 5855
2 0.495936 0.407463 0.0356489 0.0283372 5857
2 0.403207 0.42993 0.0247094 0.025631 5859
2 0.330117 0.419364 0.0196579 0.0194892 5864
0 0.460889 0.497008 0.0119161 0.0397871 5745
2 0.68452 0.43859 0.0579142 0.0340695 5828
2 0.955931 0.622475 0.110134 0.0955726 5800
