2 0.614493 0.450412 0.0416862 0.0324177 5603
2 0.961221 0.512315 0.0780204 0.0550625 5704
2 0.283199 0.525267 0.063321 0.0484339 5721
1 0.480055 0.546209 0.0137517 0.0355703 5735
0 0.476838 0.50535 0.0136635 0.048782 5741
1 0.461407 0.510838 0.0152329 0.034865 5782
0 0.473445 0.530319 0.0157592 0.0617681 5798
2 0.321974 0.538108 0.0802808 0.0658744 5807
2 0.516016 0.486991 0.0564759 0.0565236 5816
2 0.571514 0.412874 0.0353765 0.021675 5827
2 0.521011 0.457402 0.0475335 0.0446554 5835
2 0.414786 0.448985 0.0300941 0.0368741 5836
2 0.357083 0.432542 0.0214328 0.0205844 5849
2 0.423265 0.393668 0.0145645 0.010971 5855
2 0.506629 0.408057 0.0372547 0.0295428 5857
2 0.395175 0.427266 0.0229094 0.0237567 5859
2 0.326828 0.418421 0.0189758 0.0187662 5864
0 0.460707 0.496465 0.0113647 0.0376543 5745
2 0.701477 0.440998 0.0607716 0.0352733 5828
2 0.904812 0.607047 0.144267 0.112924 5779
