2 0.599516 0.449294 0.0422122 0.0330417 5603
2 0.938288 0.50754 0.0888928 0.0555688 5704
2 0.281916 0.527646 0.0604806 0.048774 5721
1 0.479712 0.549005 0.0130181 0.0329255 5735
0 0.476535 0.508872 0.0145541 0.0505462 5741
3 0.459683 0.511256 0.0166243 0.0377621 5782
0 0.471778 0.532101 0.0155911 0.0621891 5798
2 0.320419 0.540554 0.081446 0.066494 5807
2 0.439893 0.39828 0.0179492 0.0138557 5827
2 0.50999 0.488968 0.0514663 0.0474796 5849
2 0.393883 0.401681 0.0222859 0.017907 5857
2 0.390603 0.443319 0.0283036 0.029516 5864
0 0.460138 0.499022 0.0111595 0.0386515 5745
2 0.468529 0.407503 0.0262991 0.019502 5828
2 0.511569 0.406082 0.0307702 0.019744 5877
2 0.449349 0.446304 0.0327629 0.0301102 5887
2 0.551166 0.420752 0.0435937 0.0259576 5892
2 0.347996 0.428483 0.0217413 0.0227462 5894
2 0.939353 0.472313 0.0858767 0.0322959 5901
2 0.616435 0.418883 0.0313885 0.0265566 5905
2 0.75804 0.525361 0.0862653 0.0768094 5835
2 0.907261 0.609224 0.14395 0.119393 5820
2 0.703358 0.462397 0.0914797 0.0537236 5689
