2 0.607994 0.449104 0.0419104 0.0332983 5603
2 0.957822 0.513003 0.0813424 0.0571822 5704
2 0.282024 0.52559 0.0619564 0.0486358 5721
1 0.479306 0.547701 0.0130117 0.0332706 5735
0 0.478116 0.510714 0.0146942 0.0525072 5741
3 0.460411 0.510338 0.0165618 0.0370022 5782
0 0.470864 0.53104 0.0152185 0.0610225 5798
2 0.320641 0.538946 0.0808903 0.0661444 5807
2 0.504156 0.405228 0.0275362 0.0185295 5827
2 0.492258 0.476379 0.0468031 0.052928 5836
2 0.392701 0.446374 0.0275683 0.0264721 5849
2 0.400671 0.390799 0.0143601 0.0111009 5855
2 0.451182 0.405018 0.028298 0.0223259 5857
2 0.458533 0.444663 0.0337105 0.0343516 5859
2 0.342638 0.42491 0.0212133 0.0215154 5864
0 0.460052 0.498081 0.0107531 0.0363459 5745
2 0.585233 0.422745 0.0440625 0.0275762 5828
2 0.633135 0.421017 0.0479891 0.0268832 5877
2 0.737832 0.467173 0.0986108 0.0564243 5689
2 0.368348 0.422353 0.0199025 0.0188945 5887
2 0.762873 0.573645 0.11848 0.103022 5820
