2 0.601708 0.448186 0.0402795 0.0312922 5603
2 0.949034 0.510319 0.0867491 0.0566189 5704
2 0.282818 0.526985 0.0612713 0.0485677 5721
1 0.479409 0.548942 0.012817 0.0324268 5735
0 0.476647 0.510018 0.0153948 0.0537746 5741
1 0.45933 0.512217 0.0151277 0.0341257 5782
0 0.471526 0.531584 0.0150647 0.0590732 5798
2 0.320028 0.540405 0.0812657 0.0663501 5807
2 0.45722 0.400201 0.020389 0.0151807 5827
2 0.456338 0.469133 0.0404075 0.0381331 5849
2 0.410154 0.402486 0.0239379 0.0189312 5857
2 0.595327 0.482876 0.057198 0.0555759 5859
2 0.370046 0.435784 0.0249898 0.0259641 5864
0 0.459521 0.499988 0.00961367 0.0328415 5745
2 0.500706 0.411789 0.0317931 0.0221273 5828
2 0.544359 0.40978 0.0362453 0.0220748 5877
2 0.71397 0.463893 0.0949694 0.0555847 5689
2 0.41409 0.437014 0.0268926 0.0251843 5887
2 0.600196 0.425902 0.0464455 0.0266338 5892
2 0.337369 0.4242 0.0190719 0.0197647 5894
2 0.672055 0.42628 0.0512727 0.0301605 5899
2 0.689955 0.547406 0.0964827 0.0917916 5816
