2 0.598109 0.449056 0.0426989 0.0336483 5603
2 0.929166 0.50456 0.0879301 0.0533508 5704
2 0.282121 0.52755 0.0601887 0.0488537 5721
1 0.479557 0.548664 0.013199 0.0333407 5735
0 0.476528 0.509481 0.0152549 0.0519575 5741
3 0.45991 0.511479 0.0166063 0.0377161 5782
0 0.473382 0.532809 0.0157162 0.0612874 5798
2 0.320113 0.540595 0.0816591 0.0666511 5807
2 0.56016 0.507956 0.0625757 0.0567412 5849
2 0.384822 0.401128 0.020773 0.0168778 5857
2 0.40864 0.448447 0.0317164 0.03305 5864
0 0.460113 0.498834 0.0112296 0.039101 5745
2 0.452461 0.405267 0.0230378 0.017455 5828
2 0.493507 0.403906 0.0276007 0.0183479 5877
2 0.480171 0.454226 0.0380822 0.0346694 5887
2 0.52345 0.416676 0.0387236 0.0237881 5892
2 0.356711 0.43091 0.0236299 0.0246592 5894
2 0.853234 0.460781 0.0848138 0.032774 5901
2 0.69657 0.460776 0.090381 0.0534288 5689
