2 0.595896 0.448168 0.0412714 0.0332862 5603
2 0.87529 0.497029 0.0890676 0.0514096 5704
2 0.281847 0.525812 0.0584956 0.0483472 5721
1 0.479025 0.548531 0.0128366 0.0321971 5735
0 0.477501 0.508881 0.015421 0.0538368 5741
1 0.459061 0.51086 0.0154397 0.0355205 5782
0 0.47116 0.53155 0.0156665 0.0607032 5798
2 0.319706 0.539387 0.0817732 0.0665688 5807
2 0.348407 0.395787 0.0149448 0.0140879 5857
0 0.458942 0.497486 0.0103619 0.0352242 5745
2 0.388391 0.392771 0.0169882 0.0154092 5828
2 0.414235 0.399704 0.0248087 0.0197305 5892
2 0.462321 0.464584 0.0476485 0.0466223 5894
2 0.553955 0.474514 0.0531492 0.0460676 5912
2 0.315208 0.713746 0.123668 0.118586 5913
2 0.465461 0.399213 0.0201979 0.0171208 5916
2 0.376524 0.436409 0.0258875 0.0275085 5921
2 0.541161 0.418651 0.0402356 0.0253984 5899
2 0.730937 0.550777 0.118337 0.0892068 5797
