2 0.59693 0.448275 0.0413953 0.0335398 5603
2 0.86596 0.493661 0.0924981 0.0536451 5704
2 0.283486 0.525505 0.0587616 0.0484359 5721
1 0.48 0.549043 0.0125319 0.0310883 5735
0 0.478893 0.508299 0.0147967 0.0538655 5741
3 0.461008 0.511282 0.015824 0.0361396 5782
0 0.472089 0.531554 0.0153626 0.0605569 5798
2 0.320951 0.539243 0.0807902 0.0657679 5807
0 0.460366 0.497508 0.011152 0.0386386 5745
2 0.52583 0.485905 0.062699 0.0595152 5894
2 0.317734 0.713769 0.134061 0.118658 5913
2 0.446831 0.396071 0.0189952 0.0165896 5916
2 0.400562 0.443457 0.0308503 0.0326272 5921
2 0.503892 0.413382 0.0352733 0.0237195 5899
2 0.54101 0.410443 0.0273571 0.0183303 5931
2 0.348402 0.415409 0.0177909 0.018472 5934
2 0.274344 0.411171 0.00934912 0.0126399 5935
2 0.676409 0.457736 0.0865071 0.0532667 5689
2 0.944375 0.613249 0.113485 0.100478 5816
2 0.683132 0.515775 0.0686884 0.0627255 5864
