2 0.595796 0.44779 0.0409486 0.032965 5603
2 0.879324 0.497128 0.089273 0.0517377 5704
2 0.28152 0.525684 0.0589498 0.048802 5721
1 0.478788 0.547728 0.0132398 0.0333177 5735
0 0.476971 0.508541 0.0157232 0.054259 5741
3 0.459263 0.510335 0.0158367 0.036603 5782
0 0.471165 0.531104 0.0155992 0.0603173 5798
2 0.319582 0.539297 0.081709 0.0665136 5807
2 0.350724 0.396051 0.0149099 0.0138177 5857
0 0.459249 0.496078 0.0100439 0.0335875 5745
2 0.391934 0.393618 0.0167488 0.0148471 5828
2 0.420036 0.399673 0.0280871 0.0220571 5892
2 0.446526 0.459196 0.0444209 0.0439593 5894
2 0.526583 0.466393 0.0482257 0.0422559 5912
2 0.311528 0.714976 0.120026 0.118776 5913
2 0.472019 0.399634 0.0206622 0.0174919 5916
2 0.369997 0.433897 0.0247658 0.0263834 5921
2 0.555435 0.420013 0.0428232 0.0265876 5899
2 0.960371 0.58469 0.0867075 0.0734404 5835
2 0.674257 0.535775 0.107912 0.0830023 5779
