2 0.59562 0.448085 0.0402703 0.0323546 5603
2 0.887412 0.498252 0.0902286 0.0527175 5704
2 0.281342 0.525885 0.058434 0.0482853 5721
1 0.478801 0.547668 0.0133236 0.0336693 5735
0 0.476223 0.508459 0.016073 0.0544394 5741
3 0.459244 0.510004 0.0163246 0.0375249 5782
0 0.47173 0.530687 0.0159099 0.0611985 5798
2 0.3194 0.539239 0.0815675 0.0664007 5807
2 0.355383 0.396541 0.0161448 0.0147135 5857
2 0.574776 0.501791 0.0656333 0.0648521 5864
0 0.459303 0.495886 0.0105992 0.0360088 5745
2 0.400502 0.395415 0.0168703 0.0143869 5828
2 0.434356 0.403455 0.0273185 0.0200744 5892
2 0.420548 0.45142 0.0367091 0.0370009 5894
2 0.483256 0.454155 0.0395661 0.0353561 5912
2 0.297763 0.720481 0.112322 0.11942 5913
2 0.488528 0.401311 0.0215999 0.0179709 5916
2 0.35727 0.430149 0.0213412 0.0229024 5921
2 0.675954 0.456894 0.0858374 0.0525358 5689
2 0.58291 0.42259 0.0463016 0.0276987 5899
2 0.844561 0.555349 0.0887142 0.0791628 5836
2 0.619643 0.422808 0.0298905 0.0240459 5905
