2 0.596253 0.445321 0.0406088 0.033156 5603
2 0.844829 0.487483 0.0884576 0.0513753 5704
2 0.2811 0.523247 0.0579743 0.0479703 5721
1 0.479277 0.5454 0.0133815 0.0331466 5735
0 0.478551 0.506081 0.0139111 0.0552454 5741
1 0.459457 0.506994 0.0161737 0.0364699 5782
0 0.471788 0.528379 0.0157132 0.0619685 5798
2 0.319568 0.536665 0.0820982 0.0665686 5807
2 0.311616 0.713733 0.158462 0.119621 5913
2 0.408242 0.398221 0.0216457 0.0167909 5899
2 0.425458 0.433273 0.0306362 0.0319689 5934
2 0.279092 0.416802 0.0125365 0.0163362 5935
2 0.40351 0.44557 0.0297274 0.0292097 5937
2 0.676088 0.455196 0.0848354 0.0521163 5689
0 0.459782 0.494289 0.010764 0.0382835 5745
2 0.58816 0.477894 0.0558552 0.0541529 5921
