2 0.596096 0.446338 0.0415767 0.0341049 5603
2 0.853149 0.490626 0.0883635 0.0512371 5704
2 0.281972 0.523984 0.0592382 0.0486528 5721
1 0.479113 0.547012 0.0129039 0.0318906 5735
0 0.478303 0.507433 0.0146082 0.0559249 5741
3 0.459445 0.50952 0.0158168 0.0356644 5782
0 0.470962 0.530044 0.015383 0.0615381 5798
2 0.319449 0.537727 0.0813166 0.0661093 5807
0 0.45939 0.49605 0.0105885 0.037147 5745
2 0.314088 0.713718 0.145215 0.119058 5913
2 0.424089 0.392527 0.0148815 0.0134527 5916
2 0.445907 0.456973 0.0402638 0.0419708 5921
2 0.460832 0.406808 0.0284309 0.0199113 5899
2 0.499442 0.403106 0.0229711 0.0155046 5931
2 0.364966 0.419094 0.0202549 0.0210613 5934
2 0.274801 0.411694 0.0107918 0.0145519 5935
2 0.342963 0.424908 0.0177777 0.0178986 5937
2 0.952237 0.581058 0.0803396 0.073504 5859
