2 0.595646 0.447005 0.0401825 0.032836 5603
2 0.846283 0.489612 0.0875267 0.0506406 5704
2 0.281083 0.523719 0.0592051 0.0487276 5721
1 0.478621 0.547072 0.0129691 0.0318481 5735
0 0.478104 0.508208 0.0140244 0.0551555 5741
3 0.459114 0.509466 0.0162074 0.0361269 5782
0 0.470645 0.530042 0.0153241 0.0614347 5798
2 0.318756 0.537304 0.0821307 0.0665893 5807
2 0.312 0.714137 0.152959 0.119233 5913
2 0.429829 0.402869 0.024976 0.0185688 5899
2 0.465374 0.399459 0.0202453 0.0139041 5931
2 0.389571 0.425345 0.025337 0.0264707 5934
2 0.276022 0.414331 0.0119123 0.0158805 5935
2 0.365871 0.433809 0.0226454 0.0225176 5937
2 0.675155 0.456413 0.0845783 0.0521077 5689
0 0.458413 0.495311 0.0104278 0.0374441 5745
2 0.492861 0.452462 0.0421371 0.0401347 5953
2 0.534393 0.488649 0.0769324 0.0618906 5779
