2 0.595709 0.445731 0.0413769 0.0340306 5603
2 0.849719 0.489211 0.0866706 0.0500809 5704
2 0.282165 0.523617 0.0594378 0.0488236 5721
1 0.47888 0.54647 0.0129731 0.0320173 5735
0 0.478536 0.509691 0.012949 0.05007 5741
3 0.459449 0.51018 0.0148545 0.0332339 5782
0 0.471084 0.529722 0.0154343 0.0617119 5798
2 0.319248 0.53724 0.0817269 0.0663562 5807
2 0.313143 0.713822 0.149703 0.119379 5913
2 0.480443 0.469152 0.0466617 0.0476132 5921
2 0.444502 0.403632 0.0264821 0.0190669 5899
2 0.481157 0.400538 0.0213315 0.0144219 5931
2 0.376353 0.421258 0.0224954 0.0234224 5934
2 0.275519 0.412495 0.0115115 0.0153585 5935
2 0.353629 0.42838 0.0198884 0.0198584 5937
2 0.676199 0.455247 0.0838893 0.0516434 5689
0 0.458941 0.494383 0.0101703 0.0360719 5745
