2 0.595967 0.446053 0.040453 0.033204 5603
2 0.848518 0.489192 0.0866924 0.0500966 5704
2 0.281828 0.523649 0.0591722 0.0486276 5721
1 0.478708 0.546316 0.0131831 0.0323527 5735
0 0.478687 0.508158 0.0137509 0.0536575 5741
3 0.459747 0.509281 0.0157733 0.0351344 5782
0 0.471086 0.529682 0.0154334 0.0617483 5798
2 0.319389 0.5374 0.0814093 0.0660152 5807
2 0.312931 0.713873 0.151497 0.119388 5913
2 0.501519 0.476273 0.0518303 0.0525069 5921
2 0.437477 0.40351 0.0257059 0.0187847 5899
2 0.473487 0.400663 0.0226039 0.0155039 5931
2 0.383047 0.423065 0.0237436 0.0247588 5934
2 0.275737 0.413285 0.0116387 0.0156143 5935
2 0.359733 0.430988 0.0212203 0.0211348 5937
2 0.676413 0.455056 0.0846062 0.0521532 5689
0 0.459479 0.495037 0.0105581 0.0374066 5745
