2 0.596542 0.444996 0.0406668 0.033076 5603
2 0.844606 0.487132 0.0884858 0.051625 5704
2 0.280667 0.523292 0.0578653 0.048108 5721
3 0.479657 0.544936 0.0133102 0.0334097 5735
0 0.478788 0.506537 0.0136907 0.0559014 5741
3 0.460126 0.507132 0.0163699 0.0369413 5782
0 0.471148 0.528854 0.0154918 0.061583 5798
2 0.319845 0.53665 0.0818821 0.0664149 5807
2 0.311663 0.713861 0.160751 0.119292 5913
2 0.394281 0.396109 0.019393 0.0159072 5899
2 0.462751 0.441433 0.0351063 0.0362264 5934
2 0.282341 0.41928 0.0136989 0.0173812 5935
2 0.447576 0.459584 0.0386069 0.0368683 5937
2 0.676554 0.454476 0.0863615 0.0532017 5689
0 0.459669 0.494332 0.00965586 0.0341288 5745
