2 0.596056 0.445526 0.0416549 0.0340903 5603
2 0.843506 0.488028 0.0881575 0.0516632 5704
2 0.280065 0.523652 0.0584037 0.0488187 5721
1 0.4788 0.545493 0.0132965 0.0333136 5735
0 0.477988 0.506191 0.0130935 0.0539042 5741
1 0.459537 0.507347 0.0169623 0.0385963 5782
0 0.471107 0.529125 0.0154845 0.0609102 5798
2 0.319288 0.537082 0.0822979 0.066814 5807
2 0.310577 0.714524 0.163147 0.119532 5913
2 0.382686 0.395754 0.0157077 0.0132812 5899
2 0.286142 0.422415 0.0155314 0.0191015 5935
2 0.514411 0.483987 0.0529599 0.0487108 5937
0 0.459292 0.495164 0.0108335 0.0379138 5745
2 0.515339 0.454553 0.0451527 0.0420755 5953
2 0.440182 0.405436 0.0278459 0.0209744 5967
2 0.934753 0.572396 0.108945 0.0935933 5864
