2 0.596251 0.44581 0.0409355 0.0332004 5603
2 0.84366 0.489582 0.086901 0.0508247 5704
2 0.281389 0.523968 0.0583108 0.0489379 5721
1 0.479072 0.546552 0.0131884 0.0332005 5735
0 0.478509 0.50779 0.0134212 0.0559635 5741
3 0.459614 0.509839 0.0154124 0.0347657 5782
0 0.471023 0.529902 0.0155138 0.0619111 5798
2 0.319607 0.537683 0.0817833 0.0662905 5807
2 0.310751 0.714584 0.165186 0.119649 5913
2 0.371707 0.394099 0.0147752 0.0129101 5899
2 0.287482 0.427534 0.0164862 0.0202762 5935
0 0.459446 0.494882 0.0107523 0.0371284 5745
2 0.404101 0.402064 0.0246547 0.0188068 5967
2 0.399073 0.444991 0.0264042 0.0274931 5973
2 0.676592 0.455835 0.0861811 0.0533758 5689
