2 0.596151 0.44553 0.0414006 0.0337646 5603
2 0.843373 0.487758 0.0876904 0.051227 5704
2 0.281792 0.523573 0.0586625 0.0486157 5721
1 0.478762 0.545453 0.0135326 0.0338693 5735
0 0.47788 0.506449 0.013011 0.0533954 5741
3 0.45967 0.507951 0.0165754 0.0373302 5782
0 0.470896 0.529458 0.0155224 0.0615635 5798
2 0.319192 0.537174 0.0818839 0.0664056 5807
2 0.311143 0.714295 0.161895 0.119582 5913
2 0.389977 0.39641 0.0177758 0.0147645 5899
2 0.282961 0.420177 0.014546 0.0184141 5935
2 0.466071 0.466486 0.0421998 0.0397502 5937
2 0.675527 0.454671 0.0853844 0.0525903 5689
0 0.457884 0.495224 0.00906773 0.0319132 5745
2 0.483949 0.447206 0.0411794 0.0390051 5953
