2 0.595588 0.446095 0.0414246 0.0338214 5603
2 0.84257 0.488528 0.08677 0.0507156 5704
2 0.28079 0.523851 0.0590429 0.0490631 5721
1 0.478392 0.5458 0.0136665 0.034242 5735
0 0.477351 0.506302 0.012759 0.0525324 5741
3 0.459099 0.507919 0.0171628 0.0387496 5782
0 0.470518 0.530115 0.0154167 0.0609763 5798
2 0.318604 0.537663 0.081996 0.0664899 5807
2 0.310287 0.714644 0.162653 0.119631 5913
2 0.385783 0.396751 0.0167178 0.0140096 5899
2 0.283657 0.421513 0.0151979 0.019083 5935
2 0.487703 0.475141 0.0468562 0.0435716 5937
2 0.675223 0.45565 0.0852632 0.0525408 5689
0 0.45841 0.494178 0.00943905 0.0328462 5745
2 0.944397 0.485214 0.0655734 0.0547295 5963
2 0.497409 0.451134 0.0421463 0.0397458 5953
2 0.85884 0.563116 0.116114 0.0918876 5912
